500	239	1	99	140
1000	312	5	124	188
1500	290	3	95	195
2000	260	1	75	185
2500	207	0	70	137
3000	198	0	77	121
3500	183	0	78	105
4000	159	0	70	89
4500	169	0	80	89
5000	188	1	93	95
5500	180	0	103	77
6000	187	1	116	71
6500	195	1	125	70
7000	223	0	143	80
7500	232	0	139	93
8000	231	0	129	102
8500	218	0	110	108
9000	207	0	103	104
9500	204	0	92	112
10000	205	0	90	115
10500	198	0	83	115
11000	209	0	89	120
11500	209	0	82	127
12000	186	1	70	116
12500	199	0	81	118
13000	187	0	78	109
13500	200	0	86	114
14000	196	0	103	93
14500	220	3	144	76
15000	219	2	153	66
15500	225	0	155	70
16000	247	0	164	83
16500	234	0	142	92
17000	244	0	143	101
17500	235	0	124	111
18000	253	0	133	120
18500	238	0	102	136
19000	235	0	97	138
19500	238	0	96	142
20000	240	0	105	135
20500	243	0	113	130
21000	238	0	123	115
21500	214	0	100	114
22000	205	0	94	111
22500	212	0	117	95
23000	227	0	131	96
23500	234	0	127	107
24000	241	0	129	112
24500	242	0	131	111
25000	244	0	128	116
25500	241	0	120	121
26000	235	0	102	133
26500	238	0	97	141
27000	226	0	75	151
27500	215	0	72	143
28000	191	0	50	141
28500	179	0	38	141
29000	162	0	36	126
29500	160	0	48	112
30000	182	0	71	111
30500	197	0	71	126
31000	197	0	64	133
31500	188	0	58	130
32000	162	0	43	119
32500	142	0	39	103
33000	145	0	50	95
33500	158	0	77	81
34000	176	0	110	66
34500	205	0	142	63
35000	228	0	163	65
35500	241	0	154	87
36000	233	0	141	92
36500	228	0	118	110
37000	232	1	117	115
37500	212	1	97	115
38000	213	0	102	111
38500	235	0	121	114
39000	223	0	92	131
39500	214	0	75	139
40000	204	1	62	142
40500	197	0	57	140
41000	191	0	53	138
41500	202	0	55	147
42000	212	0	59	153
42500	199	1	54	145
43000	203	0	58	145
43500	211	0	66	145
44000	210	0	75	135
44500	208	0	74	134
45000	201	1	76	125
45500	212	4	94	118
46000	226	2	124	102
46500	242	4	126	116
47000	229	0	135	94
47500	247	0	135	112
48000	248	0	131	117
48500	256	0	108	148
49000	246	1	84	162
49500	257	0	87	170
50000	244	0	61	183
50500	242	0	52	190
51000	231	2	28	203
51500	223	7	28	195
52000	198	10	22	176
52500	202	8	43	159
53000	201	15	38	163
53500	208	9	55	153
54000	171	1	83	88
54500	140	2	76	64
55000	143	3	67	76
55500	154	2	72	82
56000	171	6	85	86
56500	183	12	94	89
57000	191	2	111	80
57500	162	0	108	54
58000	174	0	119	55
58500	279	0	189	90
59000	319	0	165	154
59500	289	0	89	200
60000	232	0	62	170
60500	188	0	52	136
61000	156	0	42	114
61500	173	0	59	114
62000	181	0	72	109
62500	192	0	94	98
63000	216	0	112	104
63500	212	0	98	114
64000	217	0	103	114
64500	220	0	111	109
65000	219	0	111	108
65500	222	0	113	109
66000	216	0	91	125
66500	204	0	83	121
67000	204	0	84	120
67500	200	0	75	125
68000	186	0	66	120
68500	196	0	85	111
69000	212	0	91	121
69500	217	0	97	120
70000	204	0	93	111
70500	192	0	86	106
71000	197	0	89	108
71500	215	0	105	110
72000	230	0	112	118
72500	246	0	128	118
73000	243	1	111	132
73500	224	5	92	132
74000	239	3	99	140
74500	238	3	91	147
75000	242	5	89	153
75500	233	2	72	161
76000	215	2	54	161
76500	220	4	68	152
77000	200	0	65	135
77500	171	0	64	107
78000	164	2	58	106
78500	180	0	67	113
79000	234	0	115	119
79500	268	0	152	116
80000	252	0	119	133
80500	241	0	94	147
81000	258	3	100	158
81500	238	2	91	147
82000	227	1	78	149
82500	227	2	76	151
83000	230	2	97	133
83500	226	3	96	130
84000	234	0	98	136
84500	232	0	100	132
85000	218	0	87	131
85500	215	0	95	120
86000	214	0	98	116
86500	208	0	94	114
87000	217	0	90	127
87500	226	2	87	139
88000	230	2	96	134
88500	239	1	86	153
89000	233	0	67	166
89500	232	1	53	179
90000	217	1	27	190
90500	201	1	60	141
91000	177	2	63	114
91500	159	1	76	83
92000	143	0	70	73
92500	153	0	70	83
93000	197	0	96	101
93500	246	0	135	111
94000	255	0	139	116
94500	237	0	113	124
95000	247	0	115	132
95500	238	0	85	153
96000	223	0	56	167
96500	211	0	39	172
97000	209	0	40	169
97500	201	0	37	164
98000	198	0	32	166
98500	202	0	46	156
99000	194	2	65	129
99500	179	1	58	121
100000	177	0	59	118
100500	169	0	78	91
101000	154	0	68	86
101500	154	1	82	72
102000	176	3	119	57
102500	224	5	170	54
103000	240	1	191	49
103500	258	1	202	56
104000	254	0	178	76
104500	236	0	142	94
105000	249	0	137	112
105500	248	0	134	114
106000	243	0	121	122
106500	237	0	97	140
107000	237	0	91	146
107500	218	0	74	144
108000	213	1	52	161
108500	221	5	46	175
109000	219	6	43	176
109500	204	13	41	163
110000	188	6	52	136
110500	165	6	56	109
111000	162	3	65	97
111500	154	5	65	89
112000	158	5	66	92
112500	176	5	99	77
113000	179	4	106	73
113500	181	5	112	69
114000	175	3	111	64
114500	192	4	113	79
115000	195	1	122	73
115500	193	0	111	82
116000	222	0	136	86
116500	247	0	143	104
117000	248	0	128	120
117500	244	0	118	126
118000	235	0	108	127
118500	237	0	104	133
119000	243	0	95	148
119500	228	0	73	155
120000	222	0	63	159
120500	218	0	56	162
121000	199	0	29	170
121500	195	0	30	165
122000	205	0	33	172
122500	188	1	29	159
123000	181	0	28	153
123500	177	0	38	139
124000	164	0	51	113
124500	148	0	64	84
125000	144	1	69	75
125500	160	0	84	76
126000	170	0	106	64
126500	187	0	117	70
127000	197	0	131	66
127500	196	0	154	42
128000	212	0	141	71
128500	237	0	165	72
129000	229	0	152	77
129500	258	0	166	92
130000	246	0	149	97
130500	236	0	127	109
131000	250	0	118	132
131500	269	0	121	148
132000	270	0	92	178
132500	232	0	53	179
133000	225	0	70	155
133500	242	0	94	148
134000	276	0	109	167
134500	273	0	94	179
135000	272	0	80	192
135500	234	0	48	186
136000	218	0	38	180
136500	224	0	75	149
137000	243	0	93	150
137500	228	0	67	161
138000	233	0	72	161
138500	239	0	63	176
139000	237	0	59	178
139500	209	0	45	164
140000	186	0	34	152
140500	174	0	27	147
141000	174	0	36	138
141500	183	0	37	146
142000	189	0	41	148
142500	173	0	56	117
143000	166	0	64	102
143500	164	1	89	75
144000	208	2	140	68
144500	249	0	178	71
145000	263	0	175	88
145500	261	0	158	103
146000	251	0	134	117
146500	255	0	122	133
147000	242	0	93	149
147500	235	0	83	152
148000	234	0	72	162
148500	238	0	62	176
149000	218	0	49	169
149500	189	0	32	157
150000	190	0	27	163
150500	189	0	44	145
151000	172	0	65	107
151500	161	0	80	81
152000	153	0	86	67
152500	139	0	79	60
153000	142	0	76	66
153500	146	0	69	77
154000	149	0	76	73
154500	144	0	87	57
155000	137	1	83	54
155500	137	2	84	53
156000	146	1	92	54
156500	159	3	103	56
157000	175	0	120	55
157500	178	0	114	64
158000	185	0	106	79
158500	183	0	109	74
159000	178	0	102	76
159500	198	1	117	81
160000	196	1	113	83
160500	207	0	118	89
161000	203	0	107	96
161500	222	0	114	108
162000	216	0	104	112
162500	208	0	98	110
163000	218	0	106	112
163500	214	1	93	121
164000	196	0	81	115
164500	232	2	115	117
165000	245	0	125	120
165500	234	0	108	126
166000	231	0	105	126
166500	230	1	95	135
167000	235	1	82	153
167500	239	0	82	157
168000	237	0	77	160
168500	232	0	62	170
169000	215	0	49	166
169500	221	0	52	169
170000	204	1	46	158
170500	190	4	52	138
171000	168	0	74	94
171500	167	1	96	71
172000	179	0	116	63
172500	194	0	127	67
173000	204	0	132	72
173500	223	0	147	76
174000	228	0	143	85
174500	253	0	146	107
175000	244	0	113	131
175500	227	0	91	136
176000	240	0	91	149
176500	237	0	73	164
177000	241	0	78	163
177500	218	0	57	161
178000	215	0	57	158
178500	212	0	49	163
179000	213	0	42	171
179500	205	0	38	167
180000	192	1	32	160
180500	178	2	41	137
181000	165	5	40	125
181500	165	5	55	110
182000	149	2	44	105
182500	135	3	42	93
183000	149	3	58	91
183500	154	3	76	78
184000	171	0	100	71
184500	180	0	108	72
185000	180	0	110	70
185500	184	0	119	65
186000	186	0	128	58
186500	205	0	138	67
187000	219	0	143	76
187500	229	0	137	92
188000	223	0	138	85
188500	220	0	140	80
189000	236	0	147	89
189500	230	0	132	98
190000	227	0	124	103
190500	220	0	119	101
191000	230	0	119	111
191500	238	0	112	126
192000	224	0	85	139
192500	211	0	74	137
193000	219	0	79	140
193500	223	0	74	149
194000	240	1	85	155
194500	218	1	67	151
195000	210	0	67	143
195500	181	0	46	135
196000	173	0	49	124
196500	192	0	77	115
197000	196	0	73	123
197500	202	0	78	124
198000	202	0	72	130
198500	188	0	53	135
199000	185	0	52	133
199500	161	0	32	129
200000	144	0	24	120
200500	130	0	30	100
201000	135	0	42	93
201500	142	0	45	97
202000	133	0	41	92
202500	141	0	52	89
203000	161	0	72	89
203500	169	0	72	97
204000	166	0	67	99
204500	171	0	71	100
205000	172	0	71	101
205500	176	0	70	106
206000	211	0	88	123
206500	219	0	89	130
207000	213	0	86	127
207500	214	0	89	125
208000	205	0	82	123
208500	201	0	74	127
209000	197	0	69	128
209500	218	0	80	138
210000	228	0	91	137
210500	199	0	100	99
211000	181	0	87	94
211500	187	0	88	99
212000	186	0	85	101
212500	179	0	76	103
213000	182	0	71	111
213500	204	1	75	129
214000	203	0	87	116
214500	199	0	85	114
215000	204	0	93	111
215500	202	0	93	109
216000	192	0	80	112
216500	199	0	76	123
217000	202	0	72	130
217500	191	0	49	142
218000	203	2	47	156
218500	191	5	43	148
219000	170	6	33	137
219500	174	14	33	141
220000	178	11	45	133
220500	166	11	43	123
221000	167	13	42	125
221500	159	12	49	110
222000	145	6	51	94
222500	142	6	51	91
223000	142	5	48	94
223500	151	11	54	97
224000	149	9	73	76
224500	148	6	73	75
225000	157	9	71	86
225500	175	9	84	91
226000	179	13	102	77
226500	183	14	105	78
227000	175	3	113	62
227500	172	3	117	55
228000	156	2	101	55
228500	167	2	110	57
229000	177	2	113	64
229500	190	0	124	66
230000	196	0	116	80
230500	183	0	118	65
231000	180	0	111	69
231500	178	0	114	64
232000	182	0	115	67
232500	191	0	110	81
233000	185	0	105	80
233500	205	0	110	95
234000	197	0	112	85
234500	189	0	104	85
235000	175	0	92	83
235500	174	0	91	83
236000	176	0	89	87
236500	198	2	100	98
237000	199	0	100	99
237500	212	0	98	114
238000	211	0	82	129
238500	194	0	59	135
239000	177	0	36	141
239500	158	0	32	126
240000	155	0	39	116
240500	156	1	35	121
241000	136	1	36	100
241500	142	2	52	90
242000	145	6	57	88
242500	161	13	70	91
243000	164	6	85	79
243500	149	2	93	56
244000	150	3	92	58
244500	148	0	92	56
245000	146	0	91	55
245500	128	0	84	44
246000	126	1	73	53
246500	138	6	74	64
247000	177	7	102	75
247500	190	5	104	86
248000	179	8	85	94
248500	171	12	82	89
249000	165	15	84	81
249500	186	15	104	82
250000	205	9	125	80
250500	204	13	118	86
251000	194	17	108	86
251500	189	10	111	78
252000	185	9	115	70
252500	201	11	127	74
253000	219	8	145	74
253500	223	2	145	78
254000	221	0	143	78
254500	233	0	156	77
255000	237	0	145	92
255500	238	0	127	111
256000	217	0	93	124
256500	210	0	94	116
257000	189	0	70	119
257500	206	0	89	117
258000	216	0	97	119
258500	231	0	98	133
259000	250	0	108	142
259500	242	0	82	160
260000	228	0	71	157
260500	228	0	73	155
261000	210	0	50	160
261500	200	1	63	137
262000	181	0	62	119
262500	176	0	55	121
263000	178	0	63	115
263500	181	1	67	114
264000	161	0	68	93
264500	163	1	73	90
265000	171	0	92	79
265500	187	0	108	79
266000	187	0	111	76
266500	195	0	111	84
267000	213	1	115	98
267500	215	0	110	105
268000	204	0	88	116
268500	194	0	79	115
269000	196	0	78	118
269500	197	0	73	124
270000	239	0	91	148
270500	237	0	82	155
271000	221	0	82	139
271500	195	0	80	115
272000	191	1	81	110
272500	190	0	77	113
273000	187	0	79	108
273500	194	1	96	98
274000	227	1	130	97
274500	236	0	143	93
275000	235	0	130	105
275500	216	0	94	122
276000	231	0	115	116
276500	223	0	93	130
277000	226	1	82	144
277500	224	3	72	152
278000	212	3	63	149
278500	208	4	54	154
279000	195	4	50	145
279500	193	5	55	138
280000	186	3	49	137
280500	178	5	42	136
281000	171	3	65	106
281500	176	2	86	90
282000	176	0	86	90
282500	182	0	138	44
283000	204	0	162	42
283500	220	0	165	55
284000	222	0	166	56
284500	231	0	165	66
285000	224	0	149	75
285500	227	0	140	87
286000	240	0	135	105
286500	234	1	108	126
287000	240	1	103	137
287500	228	0	86	142
288000	211	0	67	144
288500	203	0	60	143
289000	203	0	48	155
289500	214	1	54	160
290000	201	0	56	145
290500	196	3	69	127
291000	180	8	65	115
291500	156	6	59	97
292000	152	0	63	89
292500	151	0	69	82
293000	146	0	73	73
293500	145	0	90	55
294000	161	0	112	49
294500	172	0	128	44
295000	216	0	167	49
295500	219	0	164	55
296000	214	0	155	59
296500	213	0	145	68
297000	219	0	138	81
297500	211	0	131	80
298000	210	0	136	74
298500	206	0	128	78
299000	208	0	122	86
299500	210	0	124	86
300000	225	0	126	99
300500	221	0	112	109
301000	211	0	99	112
301500	196	0	92	104
302000	179	0	80	99
302500	182	0	90	92
303000	195	0	97	98
303500	220	0	104	116
304000	210	0	88	122
304500	197	0	75	122
305000	194	0	75	119
305500	200	0	81	119
306000	206	0	88	118
306500	206	0	87	119
307000	198	0	67	131
307500	199	0	60	139
308000	183	0	44	139
308500	194	0	56	138
309000	176	0	37	139
309500	168	0	42	126
310000	150	1	30	120
310500	150	1	32	118
311000	146	0	39	107
311500	134	0	33	101
312000	139	0	42	97
312500	144	0	45	99
313000	144	0	48	96
313500	155	0	61	94
314000	153	0	57	96
314500	149	0	57	92
315000	150	0	56	94
315500	157	0	59	98
316000	165	0	75	90
316500	174	0	68	106
317000	180	0	69	111
317500	179	0	76	103
318000	168	0	71	97
318500	167	0	100	67
319000	174	0	111	63
319500	195	0	118	77
320000	193	0	112	81
320500	204	0	134	70
321000	215	2	125	90
321500	191	2	92	99
322000	181	2	86	95
322500	168	0	77	91
323000	247	0	155	92
323500	263	1	156	107
324000	245	0	137	108
324500	247	0	138	109
325000	221	0	112	109
325500	223	0	100	123
326000	230	0	108	122
326500	239	0	100	139
327000	237	0	97	140
327500	236	0	80	156
328000	228	0	71	157
328500	200	0	50	150
329000	193	0	53	140
329500	194	0	53	141
330000	207	2	64	143
330500	212	4	60	152
331000	213	3	70	143
331500	186	1	86	100
332000	179	1	91	88
332500	189	0	107	82
333000	202	0	121	81
333500	225	0	139	86
334000	232	0	133	99
334500	219	0	115	104
335000	209	0	122	87
335500	209	0	123	86
336000	216	0	128	88
336500	217	0	123	94
337000	229	0	122	107
337500	217	0	95	122
338000	227	0	90	137
338500	212	0	66	146
339000	201	0	48	153
339500	199	2	40	159
340000	181	5	31	150
340500	177	9	28	149
341000	191	20	23	168
341500	205	38	20	185
342000	226	57	34	192
342500	224	50	44	180
343000	211	38	64	147
343500	193	17	115	78
344000	177	3	139	38
344500	175	2	134	41
345000	185	5	137	48
345500	263	4	195	68
346000	256	0	177	79
346500	236	1	167	69
347000	225	0	149	76
347500	214	0	132	82
348000	206	0	125	81
348500	217	0	124	93
349000	243	0	118	125
349500	247	1	120	127
350000	234	0	115	119
350500	218	0	116	102
351000	229	0	119	110
351500	253	0	132	121
352000	258	0	122	136
352500	233	0	80	153
353000	225	1	80	145
353500	222	1	75	147
354000	234	2	90	144
354500	234	0	95	139
355000	229	0	82	147
355500	214	0	81	133
356000	211	0	98	113
356500	235	0	130	105
357000	256	1	149	107
357500	267	0	140	127
358000	259	0	123	136
358500	241	0	100	141
359000	239	0	88	151
359500	243	0	84	159
360000	253	0	73	180
360500	246	0	66	180
361000	240	0	64	176
361500	235	0	84	151
362000	223	0	86	137
362500	223	0	82	141
363000	227	2	75	152
363500	221	2	85	136
364000	219	3	96	123
364500	223	1	106	117
365000	223	0	92	131
365500	217	0	90	127
366000	263	0	130	133
366500	264	0	115	149
367000	238	0	74	164
367500	214	0	48	166
368000	203	0	40	163
368500	211	0	52	159
369000	241	0	58	183
369500	232	0	80	152
370000	200	0	79	121
370500	206	0	102	104
371000	214	0	102	112
371500	226	0	110	116
372000	211	0	91	120
372500	213	0	91	122
373000	208	0	79	129
373500	195	1	73	122
374000	198	0	69	129
374500	192	0	72	120
375000	196	0	81	115
375500	215	0	92	123
376000	234	0	108	126
376500	224	1	102	122
377000	235	0	97	138
377500	222	0	85	137
378000	229	0	84	145
378500	228	0	94	134
379000	223	2	81	142
379500	212	0	64	148
380000	229	0	77	152
380500	213	0	87	126
381000	237	0	101	136
381500	247	0	101	146
382000	228	1	85	143
382500	243	1	92	151
383000	235	2	86	149
383500	241	0	96	145
384000	225	0	72	153
384500	240	0	83	157
385000	228	0	65	163
385500	223	0	62	161
386000	216	1	66	150
386500	200	4	54	146
387000	199	2	57	142
387500	205	0	61	144
388000	204	0	93	111
388500	191	0	112	79
389000	224	0	137	87
389500	245	0	149	96
390000	251	0	139	112
390500	246	0	119	127
391000	241	0	105	136
391500	228	0	83	145
392000	221	0	60	161
392500	224	2	63	161
393000	205	1	52	153
393500	201	0	52	149
394000	211	1	62	149
394500	209	3	71	138
395000	181	1	62	119
395500	170	1	71	99
396000	190	0	89	101
396500	194	0	103	91
397000	224	1	122	102
397500	242	0	125	117
398000	248	0	111	137
398500	239	0	88	151
399000	230	0	76	154
399500	214	0	58	156
400000	223	0	61	162
400500	217	0	62	155
401000	209	0	64	145
401500	197	3	88	109
402000	184	2	85	99
402500	198	0	95	103
403000	229	0	113	116
403500	230	1	126	104
404000	228	0	126	102
404500	233	0	109	124
405000	238	0	119	119
405500	247	0	121	126
406000	230	0	83	147
406500	227	1	71	156
407000	200	3	53	147
407500	194	4	34	160
408000	201	4	34	167
408500	213	5	39	174
409000	198	3	57	141
409500	190	0	94	96
410000	167	0	98	69
410500	154	0	92	62
411000	167	0	113	54
411500	192	0	146	46
412000	235	0	175	60
412500	259	0	173	86
413000	271	0	169	102
413500	260	0	134	126
414000	260	0	113	147
414500	256	0	108	148
415000	268	0	106	162
415500	263	0	78	185
416000	262	0	73	189
416500	250	0	76	174
417000	249	0	84	165
417500	256	0	84	172
418000	258	0	69	189
418500	229	0	36	193
419000	209	0	27	182
419500	167	1	10	157
420000	171	7	9	162
420500	178	7	7	171
421000	190	10	12	178
421500	186	4	19	167
422000	170	2	52	118
422500	150	3	65	85
423000	161	2	76	85
423500	152	0	101	51
424000	139	0	95	44
424500	131	0	83	48
425000	150	5	95	55
425500	167	4	99	68
426000	168	1	116	52
426500	145	0	104	41
427000	122	0	81	41
427500	111	0	70	41
428000	110	0	57	53
428500	151	3	68	83
429000	177	8	77	100
429500	207	11	110	97
430000	193	4	116	77
430500	167	1	100	67
431000	152	1	90	62
431500	145	0	84	61
432000	152	0	86	66
432500	173	1	98	75
433000	195	0	113	82
433500	200	0	114	86
434000	193	0	100	93
434500	183	0	94	89
435000	197	1	104	93
435500	183	0	104	79
436000	174	0	90	84
436500	161	0	90	71
437000	177	0	112	65
437500	187	0	122	65
438000	213	2	140	73
438500	226	0	142	84
439000	226	0	144	82
439500	216	0	136	80
440000	223	0	126	97
440500	232	0	119	113
441000	228	0	108	120
441500	222	1	92	130
442000	223	2	86	137
442500	218	0	67	151
443000	216	0	65	151
443500	211	0	63	148
444000	202	0	65	137
444500	206	0	59	147
445000	213	0	63	150
445500	191	0	56	135
446000	206	0	73	133
446500	222	0	79	143
447000	224	0	96	128
447500	207	0	95	112
448000	207	0	119	88
448500	187	0	112	75
449000	174	0	98	76
449500	194	0	114	80
450000	214	0	129	85
450500	217	0	120	97
451000	246	0	136	110
451500	244	0	123	121
452000	228	0	94	134
452500	217	0	87	130
453000	241	0	94	147
453500	245	0	94	151
454000	234	0	76	158
454500	212	0	56	156
455000	218	0	75	143
455500	208	0	67	141
456000	216	0	73	143
456500	206	0	61	145
457000	197	0	53	144
457500	199	0	58	141
458000	189	0	49	140
458500	180	0	41	139
459000	186	0	38	148
459500	180	0	28	152
460000	182	1	39	143
460500	180	3	38	142
461000	170	3	26	144
461500	166	7	17	149
462000	169	12	19	150
462500	173	15	37	136
463000	151	11	71	80
463500	159	6	103	56
464000	183	4	135	48
464500	202	0	155	47
465000	223	1	184	39
465500	233	0	181	52
466000	244	0	193	51
466500	239	0	167	72
467000	233	0	148	85
467500	226	0	145	81
468000	230	0	144	86
468500	224	0	145	79
469000	219	0	152	67
469500	223	0	160	63
470000	219	0	154	65
470500	218	0	145	73
471000	217	0	138	79
471500	232	0	151	81
472000	241	0	139	102
472500	236	0	122	114
473000	245	0	123	122
473500	245	0	119	126
474000	230	0	102	128
474500	224	0	98	126
475000	239	0	111	128
475500	251	0	130	121
476000	236	0	106	130
476500	244	0	109	135
477000	219	0	75	144
477500	202	1	58	144
478000	199	0	56	143
478500	207	0	72	135
479000	212	0	84	128
479500	205	1	81	124
480000	217	0	96	121
480500	231	0	102	129
481000	242	0	101	141
481500	248	0	96	152
482000	235	0	69	166
482500	226	1	62	164
483000	201	0	44	157
483500	204	0	52	152
484000	191	0	50	141
484500	186	0	45	141
485000	210	2	75	135
485500	180	1	76	104
486000	177	0	98	79
486500	177	0	103	74
487000	172	0	94	78
487500	187	0	106	81
488000	206	0	116	90
488500	211	0	110	101
489000	214	0	107	107
489500	202	0	81	121
490000	205	0	73	132
490500	193	0	68	125
491000	185	0	67	118
491500	187	0	67	120
492000	187	0	67	120
492500	188	0	79	109
493000	195	0	95	100
493500	208	0	100	108
494000	225	0	102	123
494500	233	0	93	140
495000	219	0	73	146
495500	220	0	68	152
496000	206	0	63	143
496500	194	0	47	147
497000	179	1	42	137
497500	179	0	46	133
498000	178	0	64	114
498500	163	0	76	87
499000	151	0	86	65
499500	160	0	99	61
500000	193	0	117	76
500500	246	0	143	103
501000	258	0	135	123
501500	254	0	119	135
502000	271	0	125	146
502500	257	0	99	158
503000	238	0	70	168
503500	233	0	62	171
504000	241	0	72	169
504500	254	0	78	176
505000	260	0	88	172
505500	251	0	79	172
506000	238	0	75	163
506500	232	0	70	162
507000	238	0	65	173
507500	216	0	49	167
508000	209	0	45	164
508500	203	0	45	158
509000	202	0	42	160
509500	191	0	50	141
510000	183	0	55	128
510500	172	0	43	129
511000	168	0	40	128
511500	149	0	30	119
512000	139	0	33	106
512500	144	0	38	106
513000	159	0	53	106
513500	176	0	71	105
514000	185	0	69	116
514500	186	0	66	120
515000	174	0	53	121
515500	173	0	67	106
516000	161	0	61	100
516500	164	0	70	94
517000	171	0	74	97
517500	182	0	84	98
518000	197	0	87	110
518500	194	0	90	104
519000	176	0	72	104
519500	180	0	69	111
520000	184	0	78	106
520500	181	0	68	113
521000	171	0	62	109
521500	180	0	70	110
522000	191	0	74	117
522500	185	0	63	122
523000	175	0	52	123
523500	171	0	57	114
524000	162	0	47	115
524500	175	0	53	122
525000	170	0	59	111
525500	176	0	60	116
526000	178	0	59	119
526500	179	0	62	117
527000	180	0	73	107
527500	183	0	75	108
528000	185	0	83	102
528500	192	0	93	99
529000	217	0	122	95
529500	233	0	125	108
530000	224	0	112	112
530500	229	0	112	117
531000	224	0	107	117
531500	223	0	100	123
532000	218	0	84	134
532500	212	0	68	144
533000	207	0	58	149
533500	191	0	37	154
534000	171	0	28	143
534500	166	0	32	134
535000	174	0	48	126
535500	185	0	62	123
536000	201	0	80	121
536500	209	0	81	128
537000	203	0	67	136
537500	187	0	54	133
538000	177	0	37	140
538500	168	0	36	132
539000	198	0	74	124
539500	195	0	64	131
540000	194	1	60	134
540500	193	0	60	133
541000	176	1	42	134
541500	174	0	46	128
542000	173	1	42	131
542500	169	0	51	118
543000	178	0	90	88
543500	186	1	99	87
544000	223	0	121	102
544500	241	0	121	120
545000	237	0	106	131
545500	230	0	84	146
546000	226	0	68	158
546500	205	0	43	162
547000	222	0	68	154
547500	216	0	49	167
548000	208	0	38	170
548500	212	0	55	157
549000	211	0	62	149
549500	215	0	56	159
550000	193	0	34	159
550500	176	0	30	146
551000	191	0	44	147
551500	166	0	29	137
552000	157	0	20	137
552500	145	0	16	129
553000	127	0	21	106
553500	130	0	28	102
554000	133	0	32	101
554500	135	0	45	90
555000	145	0	68	77
555500	159	0	92	67
556000	195	0	139	56
556500	224	0	161	63
557000	228	0	149	79
557500	242	0	147	95
558000	245	0	137	108
558500	249	0	111	138
559000	226	0	86	140
559500	233	0	98	135
560000	240	0	99	141
560500	259	0	110	149
561000	263	0	93	170
561500	250	0	74	176
562000	245	0	76	169
562500	232	0	68	164
563000	224	1	61	163
563500	249	3	73	176
564000	267	5	86	181
564500	242	2	52	190
565000	218	0	33	185
565500	191	0	18	173
566000	190	0	36	154
566500	199	0	41	158
567000	203	0	32	171
567500	211	0	37	174
568000	197	0	42	155
568500	186	0	58	128
569000	183	4	59	124
569500	190	4	76	114
570000	181	1	83	98
570500	176	1	104	72
571000	171	0	105	66
571500	167	0	109	58
572000	188	0	131	57
572500	213	0	142	71
573000	215	0	133	82
573500	224	1	122	102
574000	238	0	142	96
574500	228	0	151	77
575000	217	0	136	81
575500	217	0	132	85
576000	226	0	126	100
576500	227	0	109	118
577000	238	0	114	124
577500	230	0	84	146
578000	233	0	72	161
578500	221	0	60	161
579000	209	0	49	160
579500	212	0	47	165
580000	207	0	23	184
580500	215	2	33	182
581000	226	7	34	192
581500	221	6	50	171
582000	209	1	61	148
582500	199	2	85	114
583000	181	1	89	92
583500	190	1	115	75
584000	204	0	121	83
584500	223	0	122	101
585000	224	0	114	110
585500	228	2	109	119
586000	247	0	130	117
586500	241	0	120	121
587000	236	0	95	141
587500	244	0	95	149
588000	249	0	88	161
588500	250	0	79	171
589000	240	0	66	174
589500	221	0	43	178
590000	240	3	54	186
590500	223	0	38	185
591000	231	0	31	200
591500	241	2	35	206
592000	227	6	23	204
592500	206	10	24	182
593000	185	10	24	161
593500	182	18	32	150
594000	176	11	65	111
594500	161	5	65	96
595000	165	6	59	106
595500	156	5	63	93
596000	162	8	62	100
596500	176	6	91	85
597000	163	5	87	76
597500	155	6	86	69
598000	147	0	100	47
598500	144	0	92	52
599000	153	0	99	54
599500	174	0	122	52
600000	201	1	131	70
600500	218	2	141	77
601000	216	0	131	85
601500	232	0	134	98
602000	229	0	117	112
602500	235	0	114	121
603000	244	0	116	128
603500	234	0	100	134
604000	233	0	85	148
604500	246	0	89	157
605000	271	0	99	172
605500	274	0	87	187
606000	252	0	67	185
606500	246	0	68	178
607000	242	0	56	186
607500	254	0	72	182
608000	260	0	89	171
608500	256	0	77	179
609000	240	0	61	179
609500	234	0	62	172
610000	228	0	58	170
610500	220	0	55	165
611000	218	0	60	158
611500	234	0	71	163
612000	236	0	78	158
612500	231	0	69	162
613000	228	0	59	169
613500	201	0	28	173
614000	182	0	16	166
614500	166	0	17	149
615000	160	0	29	131
615500	158	0	28	130
616000	152	0	33	119
616500	148	0	32	116
617000	134	0	29	105
617500	126	0	34	92
618000	119	0	37	82
618500	110	0	40	70
619000	101	0	47	54
619500	122	0	63	59
620000	145	0	88	57
620500	158	0	108	50
621000	180	0	125	55
621500	189	1	129	60
622000	193	0	136	57
622500	193	0	129	64
623000	205	0	149	56
623500	204	0	152	52
624000	220	0	153	67
624500	232	0	147	85
625000	243	0	148	95
625500	245	0	127	118
626000	238	0	120	118
626500	242	0	122	120
627000	243	0	112	131
627500	244	0	93	151
628000	241	0	83	158
628500	240	0	78	162
629000	235	0	67	168
629500	218	0	63	155
630000	209	0	65	144
630500	238	0	80	158
631000	255	0	87	168
631500	230	0	66	164
632000	253	1	79	174
632500	226	0	46	180
633000	205	1	33	172
633500	218	2	35	183
634000	194	8	23	171
634500	205	16	23	182
635000	192	19	33	159
635500	196	17	58	138
636000	184	8	70	114
636500	166	9	63	103
637000	169	2	76	93
637500	178	4	76	102
638000	185	4	80	105
638500	185	6	83	102
639000	179	8	86	93
639500	184	12	90	94
640000	211	6	112	99
640500	218	12	101	117
641000	234	8	119	115
641500	257	4	133	124
642000	247	4	112	135
642500	239	2	98	141
643000	240	2	82	158
643500	229	1	70	159
644000	242	0	81	161
644500	221	0	50	171
645000	220	0	42	178
645500	214	1	39	175
646000	191	0	31	160
646500	190	0	27	163
647000	177	1	29	148
647500	178	3	45	133
648000	170	2	67	103
648500	157	3	79	78
649000	171	1	92	79
649500	172	2	110	62
650000	199	0	145	54
650500	230	0	171	59
651000	237	0	178	59
651500	237	0	177	60
652000	239	0	173	66
652500	241	0	162	79
653000	245	0	143	102
653500	243	0	136	107
654000	249	0	131	118
654500	244	0	113	131
655000	222	0	93	129
655500	206	0	77	129
656000	237	0	107	130
656500	236	0	103	133
657000	220	1	79	141
657500	209	1	70	139
658000	207	0	65	142
658500	207	0	68	139
659000	214	1	86	128
659500	198	2	72	126
660000	195	2	77	118
660500	189	0	82	107
661000	167	0	73	94
661500	185	0	78	107
662000	211	0	98	113
662500	245	0	117	128
663000	251	0	106	145
663500	226	0	67	159
664000	207	1	50	157
664500	219	4	57	162
665000	221	5	58	163
665500	225	4	64	161
666000	207	7	48	159
666500	197	4	64	133
667000	216	7	83	133
667500	217	8	107	110
668000	225	2	123	102
668500	223	1	119	104
669000	249	0	144	105
669500	250	0	133	117
670000	259	0	131	128
670500	241	0	94	147
671000	238	0	82	156
671500	230	0	77	153
672000	243	0	78	165
672500	242	0	59	183
673000	225	0	34	191
673500	186	0	15	171
674000	148	0	23	125
674500	227	0	97	130
675000	242	0	101	141
675500	243	0	85	158
676000	211	0	48	163
676500	186	0	28	158
677000	178	0	12	166
677500	164	0	7	157
678000	153	0	5	148
678500	150	1	4	146
679000	143	2	6	137
679500	148	4	5	143
680000	166	8	7	159
680500	172	8	13	159
681000	168	12	8	160
681500	179	21	10	169
682000	187	31	8	179
682500	199	45	9	190
683000	201	51	39	162
683500	180	24	84	96
684000	160	13	66	94
684500	171	20	41	130
685000	194	25	58	136
685500	197	3	100	97
686000	171	2	96	75
686500	157	2	76	81
687000	171	3	81	90
687500	185	6	108	77
688000	179	3	118	61
688500	180	1	116	64
689000	171	0	95	76
689500	163	0	104	59
690000	177	0	119	58
690500	203	0	149	54
691000	228	0	159	69
691500	244	0	157	87
692000	248	0	155	93
692500	241	0	133	108
693000	236	0	132	104
693500	236	0	134	102
694000	228	0	117	111
694500	224	0	118	106
695000	229	0	119	110
695500	224	0	110	114
696000	214	0	99	115
696500	225	0	104	121
697000	226	0	113	113
697500	210	0	104	106
698000	213	0	104	109
698500	216	0	122	94
699000	211	0	108	103
699500	211	0	97	114
700000	233	0	105	128
700500	249	0	109	140
701000	226	0	86	140
701500	221	0	77	144
702000	218	0	70	148
702500	224	0	72	152
703000	216	0	53	163
703500	208	0	43	165
704000	200	0	43	157
704500	182	0	68	114
705000	178	0	92	86
705500	193	0	113	80
706000	242	0	155	87
706500	267	0	169	98
707000	290	0	175	115
707500	271	0	129	142
708000	259	0	98	161
708500	254	0	82	172
709000	256	0	80	176
709500	243	0	62	181
710000	241	0	56	185
710500	243	0	63	180
711000	230	0	50	180
711500	235	0	54	181
712000	223	0	37	186
712500	203	0	24	179
713000	177	0	14	163
713500	165	0	12	153
714000	167	0	22	145
714500	178	0	37	141
715000	160	0	86	74
715500	148	0	122	26
716000	195	0	169	26
716500	257	0	219	38
717000	293	0	232	61
717500	280	0	213	67
718000	283	0	182	101
718500	259	0	159	100
719000	259	0	139	120
719500	256	0	130	126
720000	246	0	115	131
720500	257	0	118	139
721000	252	0	111	141
721500	266	0	121	145
722000	265	0	111	154
722500	269	0	106	163
723000	264	0	93	171
723500	269	0	93	176
724000	250	0	79	171
724500	249	0	95	154
725000	247	0	101	146
725500	246	0	93	153
726000	245	0	90	155
726500	246	0	93	153
727000	258	0	96	162
727500	273	0	105	168
728000	258	0	92	166
728500	269	0	99	170
729000	264	0	92	172
729500	260	0	69	191
730000	232	0	44	188
730500	212	0	52	160
731000	237	0	89	148
731500	251	0	94	157
732000	239	0	77	162
732500	214	0	62	152
733000	215	0	65	150
733500	199	0	58	141
734000	186	0	49	137
734500	181	0	53	128
735000	195	0	75	120
735500	199	0	100	99
736000	212	0	115	97
736500	232	0	123	109
737000	257	0	131	126
737500	245	0	105	140
738000	244	0	90	154
738500	260	0	99	161
739000	241	0	81	160
739500	239	0	78	161
740000	247	0	74	173
740500	245	0	53	192
741000	220	0	41	179
741500	198	0	31	167
742000	188	0	33	155
742500	175	0	31	144
743000	169	0	40	129
743500	165	0	36	129
744000	179	0	50	129
744500	165	0	28	137
745000	151	0	17	134
745500	136	0	11	125
746000	123	0	12	111
746500	117	0	19	98
747000	133	0	30	103
747500	143	0	40	103
748000	153	0	46	107
748500	159	0	51	108
749000	166	0	44	122
749500	161	0	33	128
750000	148	0	22	126
750500	142	0	20	122
751000	134	0	19	115
751500	123	0	14	109
752000	114	0	7	107
752500	105	0	11	94
753000	103	0	14	89
753500	114	0	34	80
754000	126	0	56	70
754500	158	0	87	71
755000	206	0	130	76
755500	214	0	134	80
756000	221	1	144	77
756500	200	0	126	74
757000	191	0	125	66
757500	191	0	139	52
758000	218	0	178	40
758500	240	0	184	56
759000	250	0	186	64
759500	251	0	178	73
760000	257	0	178	79
760500	264	0	175	89
761000	251	0	143	108
761500	248	0	138	110
762000	237	0	129	108
762500	250	0	143	107
763000	259	0	134	125
763500	270	0	137	133
764000	252	0	116	136
764500	252	0	110	142
765000	257	0	106	151
765500	245	0	100	145
766000	251	0	114	137
766500	240	0	95	145
767000	246	0	95	151
767500	232	0	80	152
768000	231	0	72	159
768500	223	0	53	170
769000	204	0	41	163
769500	192	2	36	156
770000	194	1	40	154
770500	170	1	43	127
771000	161	0	57	104
771500	151	0	53	98
772000	160	0	60	100
772500	172	0	79	93
773000	181	0	92	89
773500	186	0	90	96
774000	196	0	92	104
774500	200	0	95	105
775000	189	0	77	112
775500	199	0	90	109
776000	207	1	88	119
776500	208	1	87	121
777000	209	0	81	128
777500	198	0	73	125
778000	204	0	81	123
778500	201	0	91	110
779000	203	0	98	105
779500	200	0	92	108
780000	205	0	88	117
780500	197	0	84	113
781000	198	0	78	120
781500	207	0	88	119
782000	228	0	98	130
782500	208	0	82	126
783000	204	0	86	118
783500	207	0	95	112
784000	197	0	82	115
784500	211	0	91	120
785000	222	0	84	138
785500	214	0	73	141
786000	201	0	54	147
786500	184	0	46	138
787000	186	0	56	130
787500	183	0	72	111
788000	183	0	80	103
788500	185	0	85	100
789000	203	0	106	97
789500	215	0	113	102
790000	224	0	107	117
790500	235	0	113	122
791000	221	0	97	124
791500	213	0	72	141
792000	201	0	61	140
792500	200	0	62	138
793000	198	0	62	136
793500	200	0	52	148
794000	198	0	55	143
794500	208	0	58	150
795000	202	0	41	161
795500	193	0	35	158
796000	195	0	29	166
796500	183	0	27	156
797000	178	0	17	161
797500	163	1	12	151
798000	164	4	17	147
798500	172	4	21	151
799000	171	5	47	124
799500	158	4	73	85
800000	149	2	82	67
800500	159	4	85	74
801000	177	1	124	53
801500	189	2	131	58
802000	194	0	140	54
802500	211	0	158	53
803000	211	0	153	58
803500	203	0	141	62
804000	219	0	167	52
804500	218	0	159	59
805000	216	0	154	62
805500	211	0	147	64
806000	216	0	155	61
806500	221	0	158	63
807000	221	0	164	57
807500	237	0	174	63
808000	237	0	174	63
808500	241	0	168	73
809000	241	0	165	76
809500	245	0	168	77
810000	253	0	173	80
810500	250	0	152	98
811000	247	0	142	105
811500	249	0	148	101
812000	248	0	141	107
812500	245	0	137	108
813000	222	0	117	105
813500	227	0	119	108
814000	222	0	118	104
814500	234	0	133	101
815000	242	0	131	111
815500	225	0	110	115
816000	224	0	110	114
816500	249	0	130	119
817000	247	0	122	125
817500	231	0	93	138
818000	230	0	90	140
818500	228	0	86	142
819000	221	2	76	145
819500	210	0	73	137
820000	214	0	83	131
820500	211	0	75	136
821000	208	0	73	135
821500	199	1	76	123
822000	186	1	73	113
822500	197	1	95	102
823000	219	0	112	107
823500	235	0	131	104
824000	250	0	153	97
824500	255	0	133	122
825000	224	1	99	125
825500	233	1	107	126
826000	226	0	95	131
826500	239	0	113	126
827000	250	0	111	139
827500	246	0	106	140
828000	252	0	97	155
828500	237	0	79	158
829000	212	1	59	153
829500	215	2	60	155
830000	233	6	61	172
830500	239	11	65	174
831000	233	12	68	165
831500	208	4	96	112
832000	194	0	140	54
832500	206	0	153	53
833000	238	0	180	58
833500	258	0	187	71
834000	274	0	190	84
834500	279	0	184	95
835000	267	0	163	104
835500	264	0	145	119
836000	266	0	130	136
836500	261	0	100	161
837000	251	1	74	177
837500	239	0	51	188
838000	227	0	32	195
838500	222	0	34	188
839000	206	0	24	182
839500	211	0	23	188
840000	195	0	22	173
840500	202	0	17	185
841000	190	0	26	164
841500	177	0	45	132
842000	174	0	58	116
842500	165	2	43	122
843000	179	5	41	138
843500	206	7	70	136
844000	195	1	112	83
844500	159	2	108	51
845000	151	0	94	57
845500	192	0	133	59
846000	208	0	147	61
846500	205	0	118	87
847000	209	0	113	96
847500	189	0	68	121
848000	159	0	46	113
848500	155	0	58	97
849000	200	0	101	99
849500	210	0	108	102
850000	208	0	90	118
850500	221	0	101	120
851000	191	0	87	104
851500	200	0	96	104
852000	211	0	113	98
852500	217	0	122	95
853000	219	0	132	87
853500	214	0	119	95
854000	221	0	122	99
854500	237	0	127	110
855000	241	0	123	118
855500	232	0	111	121
856000	211	0	97	114
856500	214	0	94	120
857000	216	0	100	116
857500	203	0	102	101
858000	213	0	112	101
858500	220	0	114	106
859000	231	0	115	116
859500	221	0	108	113
860000	215	0	97	118
860500	210	0	87	123
861000	201	0	76	125
861500	201	0	72	129
862000	205	0	72	133
862500	203	0	54	149
863000	192	0	42	150
863500	200	0	55	145
864000	190	0	61	129
864500	172	0	54	118
865000	164	0	53	111
865500	183	1	64	119
866000	197	1	72	125
866500	198	1	90	108
867000	211	0	102	109
867500	252	0	133	119
868000	244	0	124	120
868500	228	0	102	126
869000	221	0	93	128
869500	213	0	104	109
870000	221	0	105	116
870500	234	0	118	116
871000	234	0	108	126
871500	250	0	132	118
872000	235	0	114	121
872500	247	0	121	126
873000	241	0	116	125
873500	234	0	102	132
874000	223	0	83	140
874500	215	0	72	143
875000	217	1	78	139
875500	238	0	97	141
876000	226	0	87	139
876500	227	0	81	146
877000	221	0	76	145
877500	223	1	78	145
878000	232	0	82	150
878500	215	0	61	154
879000	211	0	63	148
879500	217	0	60	157
880000	208	0	56	152
880500	202	0	56	146
881000	203	0	70	133
881500	201	1	74	127
882000	202	3	89	113
882500	184	0	85	99
883000	202	0	95	107
883500	253	1	132	121
884000	259	0	120	139
884500	247	1	91	156
885000	231	4	67	164
885500	249	7	81	168
886000	261	3	102	159
886500	248	1	93	155
887000	244	1	99	145
887500	235	0	92	143
888000	246	0	102	144
888500	246	0	96	150
889000	248	0	101	147
889500	260	0	116	144
890000	263	0	111	152
890500	267	0	108	159
891000	247	0	91	156
891500	274	0	112	162
892000	280	0	110	170
892500	262	0	81	181
893000	249	0	75	174
893500	240	0	71	169
894000	243	0	70	173
894500	243	0	57	186
895000	233	0	45	188
895500	220	0	56	164
896000	205	2	50	155
896500	205	0	92	113
897000	210	0	117	93
897500	224	0	139	85
898000	230	0	137	93
898500	231	0	135	96
899000	233	0	128	105
899500	235	0	118	117
900000	231	0	107	124
900500	244	0	112	132
901000	234	0	95	139
901500	247	0	101	146
902000	246	1	80	166
902500	243	2	72	171
903000	221	5	54	167
903500	223	7	59	164
904000	212	6	59	153
904500	223	1	71	152
905000	209	1	65	144
905500	208	2	64	144
906000	211	2	52	159
906500	205	3	50	155
907000	205	3	45	160
907500	192	1	55	137
908000	183	2	60	123
908500	174	3	63	111
909000	169	9	63	106
909500	173	15	73	100
910000	181	17	87	94
910500	177	23	84	93
911000	192	17	106	86
911500	197	14	105	92
912000	200	4	113	87
912500	191	2	122	69
913000	183	3	115	68
913500	200	3	138	62
914000	206	0	150	56
914500	227	0	150	77
915000	236	0	142	94
915500	231	0	133	98
916000	226	0	114	112
916500	221	0	98	123
917000	247	0	115	132
917500	248	0	103	145
918000	248	0	85	163
918500	231	0	77	154
919000	225	0	74	151
919500	219	0	69	150
920000	220	0	66	154
920500	207	0	56	151
921000	219	0	74	145
921500	216	0	68	148
922000	198	0	44	154
922500	202	0	47	155
923000	179	0	37	142
923500	162	0	26	136
924000	150	0	15	135
924500	141	0	20	121
925000	140	0	23	117
925500	144	0	26	118
926000	131	0	26	105
926500	138	0	46	92
927000	148	0	73	75
927500	167	0	92	75
928000	196	0	119	77
928500	204	0	125	79
929000	202	0	120	82
929500	206	0	133	73
930000	191	0	127	64
930500	215	0	151	64
931000	235	0	163	72
931500	246	0	150	96
932000	241	0	132	109
932500	242	0	127	115
933000	252	0	131	121
933500	262	0	121	141
934000	242	0	86	156
934500	246	0	84	162
935000	232	0	66	166
935500	229	0	69	160
936000	230	0	73	157
936500	222	0	71	151
937000	205	0	52	153
937500	202	0	53	149
938000	208	0	54	154
938500	218	0	66	152
939000	214	0	57	157
939500	203	0	42	161
940000	182	0	28	154
940500	170	0	30	140
941000	158	0	32	126
941500	167	0	38	129
942000	167	0	43	124
942500	175	0	38	137
943000	175	0	33	142
943500	170	0	36	134
944000	160	0	44	116
944500	157	1	54	103
945000	163	1	50	113
945500	160	1	68	92
946000	159	0	82	77
946500	163	0	94	69
947000	172	0	128	44
947500	197	0	163	34
948000	214	0	182	32
948500	237	0	201	36
949000	244	0	196	48
949500	264	0	187	77
950000	248	0	158	90
950500	242	0	134	108
951000	222	0	115	107
951500	219	0	115	104
952000	229	0	113	116
952500	217	0	97	120
953000	230	0	107	123
953500	258	0	122	136
954000	261	0	112	149
954500	254	0	93	161
955000	240	0	79	161
955500	215	0	53	162
956000	202	0	47	155
956500	191	0	47	144
957000	181	0	47	134
957500	179	0	53	126
958000	174	0	55	119
958500	191	0	71	120
959000	179	0	70	109
959500	174	0	59	115
960000	185	0	69	116
960500	200	0	90	110
961000	178	0	68	110
961500	178	0	78	100
962000	206	2	87	119
962500	216	3	91	125
963000	218	4	89	129
963500	198	1	79	119
964000	202	0	97	105
964500	210	0	96	114
965000	198	0	73	125
965500	225	0	89	136
966000	222	1	91	131
966500	231	0	79	152
967000	243	0	57	186
967500	232	0	57	175
968000	212	0	55	157
968500	203	0	55	148
969000	200	1	60	140
969500	198	0	73	125
970000	175	0	97	78
970500	182	0	115	67
971000	209	0	122	87
971500	258	0	137	121
972000	256	0	108	148
972500	238	0	92	146
973000	226	0	72	154
973500	234	1	73	161
974000	229	0	74	155
974500	211	0	50	161
975000	206	1	49	157
975500	209	4	41	168
976000	211	6	56	155
976500	189	3	50	139
977000	195	1	66	129
977500	172	1	55	117
978000	182	2	66	116
978500	187	0	98	89
979000	201	0	139	62
979500	205	0	141	64
980000	211	1	131	80
980500	232	0	149	83
981000	217	0	148	69
981500	226	0	155	71
982000	221	0	139	82
982500	223	0	132	91
983000	232	0	131	101
983500	230	0	125	105
984000	220	0	112	108
984500	230	0	107	123
985000	238	0	111	127
985500	243	0	97	146
986000	239	0	85	154
986500	248	0	90	158
987000	254	0	106	148
987500	258	0	96	162
988000	234	0	69	165
988500	220	0	61	159
989000	215	0	51	164
989500	215	0	58	157
990000	222	0	71	151
990500	203	1	53	150
991000	206	1	56	150
991500	208	1	84	124
992000	198	0	102	96
992500	180	0	93	87
993000	172	0	88	84
993500	226	1	119	107
994000	249	1	127	122
994500	257	1	114	143
995000	252	1	90	162
995500	236	0	59	177
996000	230	0	48	182
996500	218	0	43	175
997000	237	0	43	194
997500	227	3	43	184
998000	203	2	37	166
998500	197	3	46	151
999000	176	2	64	112
999500	165	3	69	96
1000000	162	7	81	81
1000500	148	3	79	69
1001000	148	5	89	59
1001500	144	10	88	56
1002000	150	11	97	53
1002500	161	8	115	46
1003000	154	1	118	36
1003500	181	1	153	28
1004000	187	0	143	44
1004500	205	0	142	63
1005000	196	0	117	79
1005500	204	0	118	86
1006000	195	0	114	81
1006500	213	0	129	84
1007000	235	0	142	93
1007500	237	0	142	95
1008000	242	0	124	118
1008500	235	0	110	125
1009000	226	0	97	129
1009500	222	0	83	139
1010000	230	0	83	147
1010500	230	0	75	155
1011000	248	0	87	161
1011500	246	0	74	172
1012000	242	1	73	169
1012500	225	0	66	159
1013000	236	0	76	160
1013500	237	0	73	164
1014000	239	0	83	156
1014500	215	0	75	140
1015000	211	0	73	138
1015500	219	0	73	146
1016000	221	0	67	154
1016500	210	0	44	166
1017000	206	0	30	176
1017500	195	0	28	167
1018000	192	0	35	157
1018500	170	0	34	136
1019000	166	0	62	104
1019500	156	0	80	76
1020000	136	0	69	67
1020500	133	0	71	62
1021000	143	0	71	72
1021500	151	3	79	72
1022000	155	5	103	52
1022500	162	2	121	41
1023000	157	0	113	44
1023500	164	0	118	46
1024000	166	0	114	52
1024500	173	0	119	54
1025000	200	0	126	74
1025500	205	0	106	99
1026000	213	0	117	96
1026500	233	0	122	111
1027000	227	0	102	125
1027500	219	0	88	131
1028000	214	0	81	133
1028500	213	0	78	135
1029000	219	0	81	138
1029500	229	0	85	144
1030000	223	0	73	150
1030500	230	0	74	156
1031000	227	0	56	171
1031500	210	0	42	168
1032000	204	0	39	165
1032500	175	0	23	152
1033000	155	0	17	138
1033500	141	0	14	127
1034000	128	0	15	113
1034500	130	1	23	107
1035000	146	0	41	105
1035500	145	0	46	99
1036000	151	1	52	99
1036500	153	0	70	83
1037000	168	0	94	74
1037500	175	0	113	62
1038000	182	1	125	57
1038500	181	0	133	48
1039000	192	0	133	59
1039500	218	0	142	76
1040000	216	0	123	93
1040500	216	0	119	97
1041000	217	0	116	101
1041500	214	0	112	102
1042000	202	0	97	105
1042500	214	0	104	110
1043000	221	0	105	116
1043500	220	0	103	117
1044000	224	0	99	125
1044500	224	0	92	132
1045000	220	0	87	133
1045500	225	0	81	144
1046000	212	0	66	146
1046500	201	0	60	141
1047000	187	0	47	140
1047500	170	0	39	131
1048000	174	0	47	127
1048500	184	0	64	120
1049000	198	0	77	121
1049500	191	0	65	126
1050000	180	0	58	122
1050500	162	0	44	118
1051000	143	0	36	107
1051500	135	0	40	95
1052000	134	0	43	91
1052500	137	0	49	88
1053000	144	0	61	83
1053500	163	0	77	86
1054000	164	0	77	87
1054500	172	0	76	96
1055000	171	0	78	93
1055500	171	0	92	79
1056000	168	0	85	83
1056500	169	0	101	68
1057000	202	0	125	77
1057500	211	0	135	76
1058000	230	0	142	88
1058500	227	0	131	96
1059000	221	0	114	107
1059500	228	0	116	112
1060000	225	0	104	121
1060500	244	0	112	132
1061000	253	0	100	153
1061500	247	0	80	167
1062000	249	0	83	166
1062500	229	0	57	172
1063000	230	0	57	173
1063500	215	0	47	168
1064000	200	0	44	156
1064500	187	0	37	150
1065000	192	1	41	151
1065500	181	2	28	153
1066000	184	3	24	160
1066500	176	4	20	156
1067000	162	5	30	132
1067500	150	6	51	99
1068000	151	10	60	91
1068500	158	18	80	78
1069000	172	26	92	80
1069500	187	17	116	71
1070000	190	21	134	56
1070500	210	11	155	55
1071000	211	15	142	69
1071500	223	5	153	70
1072000	218	4	138	80
1072500	234	8	141	93
1073000	235	0	140	95
1073500	231	0	118	113
1074000	246	0	131	115
1074500	255	0	122	133
1075000	239	0	98	141
1075500	243	0	89	154
1076000	224	0	62	162
1076500	222	0	61	161
1077000	210	0	43	167
1077500	205	0	61	144
1078000	216	0	62	154
1078500	213	0	63	150
1079000	193	0	47	146
1079500	187	0	49	138
1080000	178	0	55	123
1080500	185	0	69	116
1081000	200	1	78	122
1081500	207	0	83	124
1082000	205	0	90	115
1082500	204	0	90	114
1083000	212	0	98	114
1083500	204	0	90	114
1084000	202	0	90	112
1084500	225	0	100	125
1085000	224	0	90	134
1085500	219	0	69	150
1086000	215	0	66	149
1086500	217	0	72	145
1087000	210	0	67	143
1087500	209	0	72	137
1088000	215	0	73	142
1088500	205	0	65	140
1089000	202	0	57	145
1089500	180	0	40	140
1090000	150	0	27	123
1090500	132	0	29	103
1091000	130	0	39	91
1091500	139	0	46	93
1092000	132	0	55	77
1092500	126	0	63	63
1093000	136	0	89	47
1093500	153	0	108	45
1094000	209	0	155	54
1094500	214	0	157	57
1095000	208	0	150	58
1095500	215	0	150	65
1096000	208	0	143	65
1096500	211	0	151	60
1097000	212	0	151	61
1097500	217	0	165	52
1098000	216	0	153	63
1098500	215	0	140	75
1099000	224	0	149	75
1099500	233	0	164	69
1100000	241	0	170	71
1100500	244	0	160	84
1101000	241	0	160	81
1101500	223	0	136	87
1102000	221	0	124	97
1102500	231	0	123	108
1103000	237	0	127	110
1103500	246	0	129	117
1104000	238	0	110	128
1104500	234	0	107	127
1105000	240	0	110	130
1105500	252	0	103	149
1106000	258	0	97	161
1106500	237	0	69	168
1107000	229	0	60	169
1107500	195	2	33	162
1108000	206	0	44	162
1108500	211	0	40	171
1109000	198	0	37	161
1109500	187	1	43	144
1110000	184	0	64	120
1110500	188	0	79	109
1111000	190	0	97	93
1111500	179	0	97	82
1112000	199	1	102	97
1112500	214	1	122	92
1113000	227	0	120	107
1113500	220	0	103	117
1114000	232	0	106	126
1114500	241	0	106	135
1115000	240	0	97	143
1115500	242	1	81	161
1116000	232	2	74	158
1116500	217	2	58	159
1117000	213	0	53	160
1117500	215	0	65	150
1118000	206	1	55	151
1118500	198	1	58	140
1119000	192	1	61	131
1119500	183	1	57	126
1120000	190	3	60	130
1120500	191	2	75	116
1121000	166	2	84	82
1121500	173	0	93	80
1122000	172	1	110	62
1122500	192	0	134	58
1123000	201	0	132	69
1123500	220	0	147	73
1124000	226	0	143	83
1124500	253	1	158	95
1125000	269	0	164	105
1125500	270	0	149	121
1126000	257	0	130	127
1126500	257	0	116	141
1127000	247	0	91	156
1127500	239	0	76	163
1128000	239	0	66	173
1128500	228	0	53	175
1129000	242	0	52	190
1129500	229	0	57	172
1130000	206	0	63	143
1130500	182	1	61	121
1131000	188	1	76	112
1131500	190	1	80	110
1132000	187	3	91	96
1132500	210	0	104	106
1133000	224	0	108	116
1133500	244	0	125	119
1134000	259	0	120	139
1134500	254	2	99	155
1135000	234	0	81	153
1135500	233	2	79	154
1136000	250	6	87	163
1136500	243	5	75	168
1137000	234	3	77	157
1137500	229	0	79	150
1138000	213	1	65	148
1138500	213	2	60	153
1139000	227	0	62	165
1139500	226	2	68	158
1140000	232	5	75	157
1140500	209	1	72	137
1141000	205	0	81	124
1141500	192	0	68	124
1142000	181	0	62	119
1142500	173	0	62	111
1143000	187	1	81	106
1143500	216	1	111	105
1144000	230	1	136	94
1144500	252	0	167	85
1145000	248	0	149	99
1145500	256	0	146	110
1146000	257	2	131	126
1146500	265	1	127	138
1147000	259	1	105	154
1147500	257	1	90	167
1148000	253	2	69	184
1148500	237	5	49	188
1149000	235	6	56	179
1149500	231	16	46	185
1150000	225	23	57	168
1150500	198	6	78	120
1151000	173	6	72	101
1151500	171	3	85	86
1152000	184	0	100	84
1152500	205	0	119	86
1153000	212	0	106	106
1153500	210	0	89	121
1154000	205	0	73	132
1154500	215	0	77	138
1155000	219	0	76	143
1155500	230	2	70	160
1156000	234	0	60	174
1156500	233	1	51	182
1157000	232	2	36	196
1157500	229	1	35	194
1158000	202	3	40	162
1158500	181	0	55	126
1159000	168	1	74	94
1159500	157	0	80	77
1160000	159	0	88	71
1160500	154	0	101	53
1161000	193	2	125	68
1161500	257	1	194	63
1162000	273	0	205	68
1162500	275	0	189	86
1163000	254	0	157	97
1163500	266	0	151	115
1164000	256	0	135	121
1164500	258	0	132	126
1165000	245	0	110	135
1165500	251	0	104	147
1166000	246	0	93	153
1166500	237	0	71	166
1167000	215	0	54	161
1167500	209	0	56	153
1168000	212	0	64	148
1168500	219	0	72	147
1169000	242	0	91	151
1169500	244	0	88	156
1170000	231	0	63	168
1170500	213	0	49	164
1171000	184	0	32	152
1171500	159	3	17	142
1172000	132	0	25	107
1172500	141	0	31	110
1173000	157	0	40	117
1173500	168	2	47	121
1174000	173	2	59	114
1174500	164	2	66	98
1175000	152	0	68	84
1175500	146	0	67	79
1176000	149	2	73	76
1176500	166	0	93	73
1177000	197	0	117	80
1177500	214	0	134	80
1178000	221	0	140	81
1178500	224	0	146	78
1179000	243	0	159	84
1179500	236	0	138	98
1180000	217	0	112	105
1180500	230	1	116	114
1181000	246	0	120	126
1181500	232	0	100	132
1182000	234	0	96	138
1182500	230	0	87	143
1183000	243	0	77	166
1183500	221	0	50	171
1184000	233	0	64	169
1184500	209	0	44	165
1185000	197	0	44	153
1185500	189	0	36	153
1186000	183	0	33	150
1186500	169	0	35	134
1187000	159	2	24	135
1187500	168	5	19	149
1188000	177	8	26	151
1188500	184	9	30	154
1189000	178	8	53	125
1189500	167	3	82	85
1190000	165	2	86	79
1190500	158	0	84	74
1191000	166	0	73	93
1191500	181	0	103	78
1192000	189	0	103	86
1192500	195	0	111	84
1193000	195	0	121	74
1193500	214	0	134	80
1194000	228	0	120	108
1194500	222	0	104	118
1195000	202	0	82	120
1195500	217	0	92	125
1196000	232	0	100	132
1196500	226	0	85	141
1197000	217	0	67	150
1197500	207	0	49	158
1198000	188	0	43	145
1198500	182	0	49	133
1199000	178	0	40	138
1199500	182	0	38	144
1200000	183	1	35	148
1200500	170	0	24	146
1201000	171	0	23	148
1201500	157	0	15	142
1202000	147	0	22	125
1202500	151	0	49	102
1203000	143	1	54	89
1203500	171	2	85	86
1204000	195	0	128	67
1204500	232	1	171	61
1205000	256	0	206	50
1205500	275	0	231	44
1206000	273	0	209	64
1206500	280	0	192	88
1207000	282	0	184	98
1207500	273	0	163	110
1208000	277	0	155	122
1208500	273	0	156	117
1209000	277	0	145	132
1209500	282	0	116	166
1210000	259	0	92	167
1210500	244	0	86	158
1211000	268	0	104	164
1211500	274	0	105	169
1212000	271	0	97	174
1212500	251	0	82	169
1213000	245	3	71	174
1213500	255	7	74	181
1214000	239	4	62	177
1214500	247	5	68	179
1215000	238	2	63	175
1215500	227	7	43	184
1216000	226	12	36	190
1216500	223	17	29	194
1217000	211	13	22	189
1217500	209	20	34	175
1218000	188	27	32	156
1218500	176	29	39	137
1219000	171	10	70	101
1219500	154	0	89	65
1220000	137	0	97	40
1220500	131	0	85	46
1221000	138	0	89	49
1221500	146	0	113	33
1222000	133	0	110	23
1222500	149	0	119	30
1223000	151	0	112	39
1223500	154	0	111	43
1224000	171	0	118	53
1224500	175	0	110	65
1225000	174	0	100	74
1225500	177	0	110	67
1226000	171	0	112	59
1226500	186	0	117	69
1227000	178	0	110	68
1227500	189	0	122	67
1228000	191	0	114	77
1228500	204	0	113	91
1229000	200	0	102	98
1229500	194	0	85	109
1230000	180	0	72	108
1230500	168	0	61	107
1231000	160	0	53	107
1231500	165	0	53	112
1232000	176	0	48	128
1232500	176	1	46	130
1233000	162	0	36	126
1233500	154	1	43	111
1234000	142	5	49	93
1234500	132	10	47	85
1235000	133	6	61	72
1235500	119	1	64	55
1236000	135	4	61	74
1236500	151	2	69	82
1237000	174	0	96	78
1237500	179	0	103	76
1238000	174	2	99	75
1238500	143	0	77	66
1239000	146	0	82	64
1239500	146	0	88	58
1240000	148	0	78	70
1240500	160	0	84	76
1241000	173	0	94	79
1241500	189	0	109	80
1242000	210	0	130	80
1242500	222	0	131	91
1243000	209	0	107	102
1243500	204	0	105	99
1244000	189	0	97	92
1244500	204	0	92	112
1245000	199	0	83	116
1245500	187	0	86	101
1246000	181	0	69	112
1246500	174	0	71	103
1247000	188	0	89	99
1247500	204	0	112	92
1248000	220	0	119	101
1248500	219	0	107	112
1249000	233	0	100	133
1249500	211	0	70	141
1250000	206	1	53	153
1250500	189	1	47	142
1251000	174	1	38	136
1251500	176	3	40	136
1252000	178	3	43	135
1252500	176	1	42	134
1253000	181	1	56	125
1253500	170	1	68	102
1254000	156	0	74	82
1254500	155	0	75	80
1255000	173	0	106	67
1255500	187	0	128	59
1256000	213	1	159	54
1256500	232	0	174	58
1257000	245	1	180	65
1257500	263	0	186	77
1258000	251	0	163	88
1258500	222	0	140	82
1259000	229	0	132	97
1259500	234	0	128	106
1260000	250	0	136	114
1260500	248	0	122	126
1261000	241	0	108	133
1261500	222	0	90	132
1262000	233	0	86	147
1262500	221	0	57	164
1263000	207	0	44	163
1263500	197	0	36	161
1264000	185	0	37	148
1264500	177	0	38	139
1265000	170	0	41	129
1265500	171	0	43	128
1266000	146	0	60	86
1266500	130	0	56	74
1267000	125	0	53	72
1267500	131	1	65	66
1268000	142	0	79	63
1268500	173	0	115	58
1269000	214	0	140	74
1269500	254	0	167	87
1270000	248	0	153	95
1270500	209	0	115	94
1271000	197	0	92	105
1271500	211	0	114	97
1272000	230	0	132	98
1272500	237	0	133	104
1273000	258	0	156	102
1273500	237	0	128	109
1274000	254	0	135	119
1274500	262	0	134	128
1275000	263	0	117	146
1275500	258	0	99	159
1276000	254	0	78	176
1276500	236	0	57	179
1277000	232	0	43	189
1277500	244	0	59	185
1278000	225	0	35	190
1278500	217	1	43	174
1279000	200	1	52	148
1279500	190	1	72	118
1280000	175	2	85	90
1280500	159	1	80	79
1281000	172	3	90	82
1281500	211	5	116	95
1282000	204	2	123	81
1282500	206	0	119	87
1283000	196	1	103	93
1283500	206	2	99	107
1284000	220	5	100	120
1284500	234	2	106	128
1285000	226	2	95	131
1285500	210	0	90	120
1286000	192	1	69	123
1286500	196	1	62	134
1287000	212	10	64	148
1287500	232	7	93	139
1288000	214	3	75	139
1288500	209	2	83	126
1289000	206	5	84	122
1289500	212	7	92	120
1290000	204	7	90	114
1290500	223	4	108	115
1291000	212	0	99	113
1291500	196	1	74	122
1292000	202	1	69	133
1292500	199	3	62	137
1293000	208	5	71	137
1293500	199	7	80	119
1294000	205	15	98	107
1294500	194	10	91	103
1295000	196	12	85	111
1295500	202	4	100	102
1296000	217	0	109	108
1296500	229	0	111	118
1297000	230	0	107	123
1297500	221	1	103	118
1298000	226	0	103	123
1298500	249	2	121	128
1299000	240	0	121	119
1299500	229	0	101	128
1300000	225	2	80	145
1300500	220	0	62	158
1301000	221	1	51	170
1301500	200	0	38	162
1302000	201	1	39	162
1302500	203	4	60	143
1303000	187	11	61	126
1303500	193	7	87	106
1304000	175	2	97	78
1304500	168	1	98	70
1305000	165	2	95	70
1305500	159	0	88	71
1306000	190	1	122	68
1306500	188	0	121	67
1307000	186	0	122	64
1307500	170	0	118	52
1308000	177	0	105	72
1308500	189	0	114	75
1309000	227	0	137	90
1309500	246	0	140	106
1310000	226	0	115	111
1310500	233	0	122	111
1311000	211	0	100	111
1311500	189	0	76	113
1312000	210	0	89	121
1312500	249	0	122	127
1313000	260	0	114	146
1313500	248	0	89	159
1314000	230	0	79	151
1314500	228	0	62	166
1315000	211	0	55	156
1315500	186	0	58	128
1316000	194	0	66	128
1316500	207	0	79	128
1317000	197	0	77	120
1317500	190	0	74	116
1318000	191	0	66	125
1318500	184	0	63	121
1319000	180	0	52	128
1319500	197	0	56	141
1320000	202	1	49	153
1320500	183	4	49	134
1321000	173	6	35	138
1321500	179	8	52	127
1322000	161	6	57	104
1322500	160	9	55	105
1323000	157	8	65	92
1323500	143	2	69	74
1324000	129	0	73	56
1324500	120	1	66	54
1325000	115	0	60	55
1325500	117	0	63	54
1326000	129	0	75	54
1326500	136	0	77	59
1327000	144	0	93	51
1327500	162	0	103	59
1328000	179	0	98	81
1328500	186	0	97	89
1329000	192	0	95	97
1329500	195	0	86	109
1330000	194	0	77	117
1330500	198	0	67	131
1331000	197	0	54	143
1331500	186	0	48	138
1332000	187	1	47	140
1332500	178	0	47	131
1333000	163	0	46	117
1333500	172	0	65	107
1334000	183	0	70	113
1334500	189	0	68	121
1335000	200	0	87	113
1335500	188	0	77	111
1336000	193	1	73	120
1336500	196	2	79	117
1337000	192	3	62	130
1337500	191	1	81	110
1338000	208	1	108	100
1338500	220	0	117	103
1339000	233	0	113	120
1339500	234	0	109	125
1340000	225	0	104	121
1340500	228	0	102	126
1341000	224	0	85	139
1341500	223	0	75	148
1342000	241	0	90	151
1342500	253	0	87	166
1343000	239	0	65	174
1343500	242	1	60	182
1344000	234	3	36	198
1344500	222	4	42	180
1345000	214	4	46	168
1345500	184	1	51	133
1346000	163	1	62	101
1346500	161	0	70	91
1347000	161	0	86	75
1347500	164	0	104	60
1348000	176	0	110	66
1348500	171	0	103	68
1349000	205	0	131	74
1349500	212	0	121	91
1350000	227	0	132	95
1350500	232	0	122	110
1351000	213	0	77	136
1351500	224	0	75	149
1352000	222	0	63	159
1352500	222	0	70	152
1353000	234	0	72	162
1353500	230	0	71	159
1354000	222	0	69	153
1354500	208	2	43	165
1355000	202	4	49	153
1355500	176	1	52	124
1356000	176	0	51	125
1356500	192	0	62	130
1357000	198	0	86	112
1357500	191	0	94	97
1358000	162	0	72	90
1358500	170	0	82	88
1359000	179	0	89	90
1359500	227	0	117	110
1360000	228	1	111	117
1360500	215	1	93	122
1361000	204	1	77	127
1361500	189	0	65	124
1362000	193	0	67	126
1362500	182	1	60	122
1363000	181	1	67	114
1363500	176	0	71	105
1364000	228	0	108	120
1364500	241	0	93	148
1365000	238	0	79	159
1365500	216	0	72	144
1366000	217	0	78	139
1366500	204	2	61	143
1367000	212	2	61	151
1367500	227	2	66	161
1368000	224	4	69	155
1368500	200	3	76	124
1369000	173	0	70	103
1369500	160	0	52	108
1370000	175	0	48	127
1370500	208	1	76	132
1371000	206	1	95	111
1371500	199	0	105	94
1372000	198	1	99	99
1372500	225	0	116	109
1373000	239	0	125	114
1373500	248	0	113	135
1374000	246	0	101	145
1374500	249	0	95	154
1375000	248	0	81	167
1375500	246	0	66	180
1376000	222	1	45	177
1376500	219	2	40	179
1377000	218	2	35	183
1377500	224	3	21	203
1378000	231	2	21	210
1378500	216	1	23	193
1379000	207	1	25	182
1379500	194	2	43	151
1380000	168	1	49	119
1380500	146	2	74	72
1381000	126	1	73	53
1381500	112	2	68	44
1382000	117	3	66	51
1382500	141	7	75	66
1383000	153	7	90	63
1383500	183	13	96	87
1384000	179	12	114	65
1384500	148	6	93	55
1385000	133	8	80	53
1385500	137	14	78	59
1386000	214	19	121	93
1386500	199	15	91	108
1387000	194	20	83	111
1387500	184	21	83	101
1388000	201	18	100	101
1388500	237	25	107	130
1389000	256	4	136	120
1389500	247	1	115	132
1390000	243	0	97	146
1390500	243	0	80	163
1391000	232	0	56	176
1391500	233	0	53	180
1392000	224	0	56	168
1392500	216	0	49	167
1393000	196	1	43	153
1393500	178	1	50	128
1394000	174	4	56	118
1394500	178	6	64	114
1395000	176	3	83	93
1395500	159	1	61	98
1396000	170	6	71	99
1396500	165	3	80	85
1397000	155	2	81	74
1397500	151	2	71	80
1398000	148	0	69	79
1398500	146	0	76	70
1399000	142	0	72	70
1399500	153	0	76	77
1400000	164	1	68	96
1400500	164	2	67	97
1401000	180	0	82	98
1401500	180	0	71	109
1402000	178	0	56	122
1402500	185	2	54	131
1403000	190	1	54	136
1403500	196	0	49	147
1404000	193	4	41	152
1404500	194	1	49	145
1405000	186	4	44	142
1405500	186	6	54	132
1406000	173	7	60	113
1406500	172	4	69	103
1407000	174	4	85	89
1407500	186	5	89	97
1408000	201	0	111	90
1408500	226	1	126	100
1409000	223	0	115	108
1409500	226	0	111	115
1410000	238	0	101	137
1410500	236	1	100	136
1411000	209	0	76	133
1411500	190	0	75	115
1412000	189	2	78	111
1412500	198	1	87	111
1413000	234	7	103	131
1413500	248	1	103	145
1414000	265	0	109	156
1414500	233	0	62	171
1415000	232	1	65	167
1415500	204	0	44	160
1416000	204	0	47	157
1416500	221	0	55	166
1417000	248	0	65	183
1417500	247	0	48	199
1418000	226	0	31	195
1418500	208	0	44	164
1419000	178	0	58	120
1419500	145	0	52	93
1420000	136	7	51	85
1420500	147	13	59	88
1421000	147	6	90	57
1421500	126	0	79	47
1422000	122	0	67	55
1422500	126	0	72	54
1423000	125	1	65	60
1423500	157	0	95	62
1424000	212	0	124	88
1424500	204	1	130	74
1425000	205	0	125	80
1425500	204	0	112	92
1426000	204	0	104	100
1426500	199	0	96	103
1427000	225	0	115	110
1427500	241	0	112	129
1428000	222	0	83	139
1428500	206	0	66	140
1429000	217	0	65	152
1429500	246	0	91	155
1430000	224	0	66	158
1430500	207	0	48	159
1431000	203	0	47	156
1431500	181	0	38	143
1432000	188	0	44	144
1432500	195	0	55	140
1433000	180	0	36	144
1433500	172	0	22	150
1434000	162	0	23	139
1434500	145	0	16	129
1435000	137	0	11	126
1435500	134	0	12	122
1436000	125	0	11	114
1436500	115	0	7	108
1437000	121	0	7	114
1437500	116	0	3	113
1438000	119	0	7	112
1438500	117	0	4	113
1439000	125	0	5	120
1439500	133	0	6	127
1440000	136	0	7	129
1440500	162	4	16	146
1441000	165	4	17	148
1441500	167	5	20	147
1442000	171	9	15	156
1442500	183	9	18	165
1443000	183	8	14	169
1443500	184	9	8	176
1444000	186	9	5	181
1444500	179	10	4	175
1445000	182	15	3	179
1445500	180	18	2	178
1446000	187	18	1	186
1446500	192	24	1	191
1447000	195	29	0	195
1447500	212	38	0	212
1448000	221	46	0	221
1448500	230	52	0	230
1449000	232	59	1	231
1449500	218	56	0	218
1450000	226	63	0	226
1450500	217	63	0	217
1451000	217	60	2	215
1451500	218	62	1	217
1452000	218	67	5	213
1452500	219	73	5	214
1453000	210	68	3	207
1453500	206	66	5	201
1454000	221	72	12	209
1454500	217	79	23	194
1455000	209	74	42	167
1455500	195	65	41	154
1456000	182	61	43	139
1456500	173	40	83	90
1457000	158	28	88	70
1457500	152	19	100	52
1458000	136	3	104	32
1458500	148	3	113	35
1459000	161	2	125	36
1459500	176	2	136	40
1460000	207	0	145	62
1460500	207	0	117	90
1461000	189	0	85	104
1461500	160	0	66	94
1462000	146	0	57	89
1462500	147	0	69	78
1463000	178	0	88	90
1463500	222	0	115	107
1464000	246	0	123	123
1464500	242	0	107	135
1465000	238	0	105	133
1465500	232	0	90	142
1466000	227	0	81	146
1466500	250	0	82	168
1467000	232	0	58	174
1467500	219	0	52	167
1468000	217	0	51	166
1468500	198	0	47	151
1469000	183	0	39	144
1469500	182	0	47	135
1470000	209	0	78	131
1470500	220	0	78	142
1471000	194	0	56	138
1471500	187	2	36	151
1472000	173	2	17	156
1472500	159	4	7	152
1473000	165	1	14	151
1473500	163	2	13	150
1474000	158	3	29	129
1474500	154	4	45	109
1475000	131	2	50	81
1475500	121	5	45	76
1476000	132	14	44	88
1476500	152	20	53	99
1477000	142	16	65	77
1477500	157	23	73	84
1478000	171	26	87	84
1478500	200	34	91	109
1479000	189	15	96	93
1479500	156	6	82	74
1480000	152	19	67	85
1480500	156	16	71	85
1481000	183	29	83	100
1481500	230	62	92	138
1482000	251	27	147	104
1482500	227	9	137	90
1483000	213	5	107	106
1483500	205	2	102	103
1484000	213	2	110	103
1484500	207	2	114	93
1485000	226	4	114	112
1485500	255	1	112	143
1486000	244	0	96	148
1486500	233	0	73	160
1487000	241	0	76	165
1487500	229	1	59	170
1488000	215	1	44	171
1488500	210	2	40	170
1489000	199	5	41	158
1489500	188	5	51	137
1490000	183	3	64	119
1490500	152	2	63	89
1491000	130	6	57	73
1491500	140	13	64	76
1492000	147	16	69	78
1492500	171	21	81	90
1493000	189	23	113	76
1493500	181	16	102	79
1494000	168	21	85	83
1494500	171	27	84	87
1495000	186	17	113	73
1495500	191	18	113	78
1496000	197	10	129	68
1496500	182	1	123	59
1497000	202	0	137	65
1497500	192	0	110	82
1498000	201	0	115	86
1498500	194	0	95	99
1499000	183	0	80	103
1499500	189	0	83	106
1500000	203	0	92	111
1500500	206	1	83	123
1501000	204	0	77	127
1501500	204	0	65	139
1502000	183	0	67	116
1502500	174	0	55	119
1503000	171	0	68	103
1503500	184	0	86	98
1504000	201	0	91	110
1504500	211	0	94	117
1505000	205	0	89	116
1505500	211	0	107	104
1506000	209	0	98	111
1506500	213	0	92	121
1507000	217	0	86	131
1507500	221	0	79	142
1508000	202	0	67	135
1508500	181	0	48	133
1509000	176	0	51	125
1509500	182	0	65	117
1510000	179	0	56	123
1510500	180	0	50	130
1511000	175	0	57	118
1511500	172	0	66	106
1512000	179	0	69	110
1512500	176	1	61	115
1513000	157	1	50	107
1513500	141	2	40	101
1514000	144	1	50	94
1514500	135	1	49	86
1515000	137	2	54	83
1515500	133	5	47	86
1516000	138	1	58	80
1516500	145	0	72	73
1517000	153	0	87	66
1517500	163	0	95	68
1518000	164	0	89	75
1518500	162	0	91	71
1519000	176	0	104	72
1519500	186	0	104	82
1520000	202	0	120	82
1520500	198	0	114	84
1521000	208	1	112	96
1521500	198	0	105	93
1522000	200	0	104	96
1522500	195	0	95	100
1523000	203	1	96	107
1523500	187	0	80	107
1524000	198	0	85	113
1524500	206	0	89	117
1525000	204	0	89	115
1525500	207	0	80	127
1526000	223	0	94	129
1526500	206	0	86	120
1527000	204	0	87	117
1527500	207	0	83	124
1528000	200	0	76	124
1528500	203	0	84	119
1529000	191	0	65	126
1529500	179	0	47	132
1530000	183	0	47	136
1530500	181	1	49	132
1531000	172	0	52	120
1531500	168	0	50	118
1532000	148	1	49	99
1532500	138	2	53	85
1533000	128	3	53	75
1533500	125	6	45	80
1534000	136	14	57	79
1534500	139	19	66	73
1535000	151	30	68	83
1535500	170	43	71	99
1536000	197	47	93	104
1536500	199	51	109	90
1537000	195	57	107	88
1537500	199	56	110	89
1538000	196	61	101	95
1538500	202	52	119	83
1539000	218	57	138	80
1539500	237	63	144	93
1540000	231	55	145	86
1540500	218	35	148	70
1541000	211	28	140	71
1541500	202	25	132	70
1542000	200	21	141	59
1542500	196	17	141	55
1543000	198	21	136	62
1543500	198	11	130	68
1544000	196	1	124	72
1544500	186	0	108	78
1545000	188	0	111	77
1545500	197	0	114	83
1546000	196	0	103	93
1546500	206	0	108	98
1547000	198	0	94	104
1547500	181	0	75	106
1548000	186	0	74	112
1548500	213	0	92	121
1549000	224	0	90	134
1549500	209	0	60	149
1550000	191	0	44	147
1550500	189	0	42	147
1551000	173	0	33	140
1551500	166	2	32	134
1552000	171	1	43	128
1552500	159	0	32	127
1553000	152	0	31	121
1553500	155	0	43	112
1554000	149	1	53	96
1554500	137	1	68	69
1555000	137	0	78	59
1555500	133	0	77	56
1556000	146	0	98	48
1556500	152	0	105	47
1557000	181	0	129	52
1557500	205	0	141	64
1558000	221	0	134	87
1558500	201	0	98	103
1559000	191	0	83	108
1559500	190	0	78	112
1560000	189	0	72	117
1560500	208	0	85	123
1561000	192	0	60	132
1561500	183	0	54	129
1562000	184	0	58	126
1562500	179	0	54	125
1563000	171	0	55	116
1563500	168	0	59	109
1564000	174	0	66	108
1564500	180	0	75	105
1565000	186	0	76	110
1565500	175	0	57	118
1566000	155	0	53	102
1566500	162	0	58	104
1567000	170	0	70	100
1567500	175	0	71	104
1568000	184	0	78	106
1568500	170	0	87	83
1569000	170	0	101	69
1569500	188	0	115	73
1570000	212	0	137	75
1570500	224	0	133	91
1571000	237	0	133	104
1571500	252	0	135	117
1572000	240	0	117	123
1572500	246	0	103	143
1573000	247	0	92	155
1573500	238	0	70	168
1574000	239	0	69	170
1574500	232	1	48	184
1575000	214	0	29	185
1575500	196	0	19	177
1576000	184	2	10	174
1576500	182	3	12	170
1577000	185	5	12	173
1577500	187	9	6	181
1578000	188	14	5	183
1578500	192	23	4	188
1579000	192	26	15	177
1579500	180	19	28	152
1580000	167	17	40	127
1580500	160	24	61	99
1581000	151	14	81	70
1581500	136	13	85	51
1582000	131	12	86	45
1582500	129	10	82	47
1583000	126	7	81	45
1583500	133	8	77	56
1584000	155	14	93	62
1584500	163	14	93	70
1585000	178	14	107	71
1585500	175	14	105	70
1586000	173	14	110	63
1586500	182	16	102	80
1587000	193	24	113	80
1587500	193	14	124	69
1588000	177	2	130	47
1588500	170	2	113	57
1589000	156	4	97	59
1589500	161	5	105	56
1590000	177	8	108	69
1590500	184	5	121	63
1591000	190	0	124	66
1591500	187	0	110	77
1592000	178	0	111	67
1592500	173	0	100	73
1593000	170	0	106	64
1593500	175	0	100	75
1594000	173	0	105	68
1594500	180	0	110	70
1595000	181	0	116	65
1595500	177	0	113	64
1596000	173	0	95	78
1596500	187	0	106	81
1597000	197	0	118	79
1597500	201	0	112	89
1598000	217	1	117	100
1598500	215	0	98	117
1599000	211	2	86	125
1599500	200	0	79	121
1600000	202	0	77	125
1600500	210	0	78	132
1601000	211	0	79	132
1601500	218	1	76	142
1602000	206	1	64	142
1602500	186	1	57	129
1603000	163	3	46	117
1603500	170	4	46	124
1604000	160	2	38	122
1604500	176	2	52	124
1605000	180	2	77	103
1605500	169	0	71	98
1606000	150	3	66	84
1606500	153	2	67	86
1607000	148	2	61	87
1607500	146	3	48	98
1608000	151	10	42	109
1608500	175	35	57	118
1609000	196	24	94	102
1609500	179	16	93	86
1610000	176	4	90	86
1610500	158	1	79	79
1611000	169	1	88	81
1611500	182	0	95	87
1612000	185	0	79	106
1612500	199	0	83	116
1613000	188	1	78	110
1613500	189	0	77	112
1614000	183	0	69	114
1614500	187	0	70	117
1615000	186	0	63	123
1615500	186	1	58	128
1616000	182	0	43	139
1616500	162	0	46	116
1617000	183	2	57	126
1617500	167	0	65	102
1618000	167	3	73	94
1618500	155	4	68	87
1619000	161	8	83	78
1619500	177	18	100	77
1620000	194	26	102	92
1620500	212	22	118	94
1621000	208	26	114	94
1621500	199	13	114	85
1622000	195	9	109	86
1622500	192	5	105	87
1623000	199	7	103	96
1623500	192	3	105	87
1624000	201	2	113	88
1624500	214	1	119	95
1625000	209	3	103	106
1625500	198	1	96	102
1626000	194	1	82	112
1626500	191	3	77	114
1627000	179	3	74	105
1627500	208	4	95	113
1628000	222	10	102	120
1628500	246	8	131	115
1629000	238	5	113	125
1629500	219	2	91	128
1630000	217	0	77	140
1630500	206	1	73	133
1631000	197	0	60	137
1631500	204	0	62	142
1632000	196	0	75	121
1632500	168	0	76	92
1633000	157	0	72	85
1633500	150	0	63	87
1634000	137	0	60	77
1634500	147	2	64	83
1635000	164	6	77	87
1635500	167	11	84	83
1636000	173	13	94	79
1636500	160	8	90	70
1637000	150	7	81	69
1637500	149	7	83	66
1638000	148	6	88	60
1638500	140	3	91	49
1639000	150	1	99	51
1639500	146	2	86	60
1640000	149	6	76	73
1640500	187	11	106	81
1641000	210	12	114	96
1641500	213	3	116	97
1642000	206	0	104	102
1642500	192	0	82	110
1643000	203	0	79	124
1643500	192	0	71	121
1644000	197	0	78	119
1644500	189	0	70	119
1645000	181	0	60	121
1645500	193	0	73	120
1646000	209	0	82	127
1646500	215	0	77	138
1647000	210	0	57	153
1647500	193	0	34	159
1648000	178	0	16	162
1648500	166	0	11	155
1649000	157	0	11	146
1649500	147	0	11	136
1650000	142	0	16	126
1650500	143	0	25	118
1651000	145	0	29	116
1651500	147	1	23	124
1652000	148	1	31	117
1652500	136	0	38	98
1653000	139	0	41	98
1653500	138	0	60	78
1654000	123	0	52	71
1654500	133	1	64	69
1655000	136	3	59	77
1655500	149	6	60	89
1656000	159	1	75	84
1656500	143	0	75	68
1657000	155	0	89	66
1657500	155	0	95	60
1658000	169	0	111	58
1658500	201	0	131	70
1659000	221	0	135	86
1659500	221	0	129	92
1660000	213	0	110	103
1660500	233	0	118	115
1661000	222	0	109	113
1661500	219	0	103	116
1662000	220	0	94	126
1662500	202	0	72	130
1663000	197	0	63	134
1663500	183	0	52	131
1664000	185	0	53	132
1664500	214	0	70	144
1665000	231	1	75	156
1665500	212	1	55	157
1666000	212	2	59	153
1666500	189	1	61	128
1667000	184	0	61	123
1667500	175	0	63	112
1668000	173	0	70	103
1668500	190	1	84	106
1669000	179	1	87	92
1669500	197	0	97	100
1670000	214	0	120	94
1670500	204	0	115	89
1671000	206	0	115	91
1671500	227	0	130	97
1672000	208	0	110	98
1672500	215	0	105	110
1673000	218	0	90	128
1673500	218	0	70	148
1674000	218	0	55	163
1674500	208	0	52	156
1675000	186	0	32	154
1675500	182	0	26	156
1676000	169	0	24	145
1676500	167	1	31	136
1677000	169	1	56	113
1677500	161	0	86	75
1678000	160	0	109	51
1678500	159	0	107	52
1679000	165	0	108	57
1679500	190	0	115	75
1680000	193	1	85	108
1680500	209	1	93	116
1681000	237	3	114	123
1681500	238	3	115	123
1682000	229	1	79	150
1682500	205	3	59	146
1683000	204	5	48	156
1683500	196	7	45	151
1684000	205	19	52	153
1684500	224	14	64	160
1685000	194	0	50	144
1685500	184	0	39	145
1686000	170	2	39	131
1686500	148	0	42	106
1687000	149	0	50	99
1687500	144	0	59	85
1688000	149	1	58	91
1688500	158	5	68	90
1689000	176	1	78	98
1689500	174	0	73	101
1690000	189	0	85	104
1690500	192	0	85	107
1691000	210	0	96	114
1691500	212	0	84	128
1692000	214	0	78	136
1692500	226	0	65	161
1693000	212	0	46	166
1693500	203	0	39	164
1694000	188	0	25	163
1694500	173	0	19	154
1695000	177	0	22	155
1695500	184	0	31	153
1696000	176	0	41	135
1696500	175	1	58	117
1697000	156	0	71	85
1697500	141	0	81	60
1698000	128	0	78	50
1698500	110	0	69	41
1699000	103	0	61	42
1699500	93	0	47	46
1700000	105	0	56	49
1700500	118	0	58	60
1701000	138	0	60	78
1701500	136	0	48	88
1702000	141	0	46	95
1702500	139	0	35	104
1703000	137	0	35	102
1703500	141	0	41	100
1704000	143	0	53	90
1704500	163	0	72	91
1705000	164	0	70	94
1705500	169	0	85	84
1706000	188	0	101	87
1706500	185	0	98	87
1707000	193	0	103	90
1707500	197	0	90	107
1708000	209	0	102	107
1708500	213	0	106	107
1709000	225	0	107	118
1709500	209	1	87	122
1710000	207	0	72	135
1710500	206	0	58	148
1711000	197	0	57	140
1711500	205	0	75	130
1712000	215	0	80	135
1712500	217	0	69	148
1713000	237	0	79	158
1713500	228	1	62	166
1714000	229	0	60	169
1714500	231	0	55	176
1715000	217	0	52	165
1715500	197	0	32	165
1716000	179	0	16	163
1716500	161	0	14	147
1717000	166	0	26	140
1717500	185	0	32	153
1718000	179	0	30	149
1718500	168	0	24	144
1719000	167	0	22	145
1719500	163	0	24	139
1720000	166	0	25	141
1720500	171	2	34	137
1721000	162	4	35	127
1721500	155	4	47	108
1722000	153	8	54	99
1722500	160	12	68	92
1723000	174	12	87	87
1723500	195	16	94	101
1724000	195	11	103	92
1724500	181	3	106	75
1725000	163	1	110	53
1725500	136	0	105	31
1726000	128	0	95	33
1726500	180	0	122	58
1727000	202	2	120	82
1727500	204	0	127	77
1728000	192	0	122	70
1728500	170	0	107	63
1729000	177	0	120	57
1729500	179	0	107	72
1730000	194	0	124	70
1730500	202	0	122	80
1731000	208	0	123	85
1731500	210	0	120	90
1732000	227	0	131	96
1732500	247	0	132	115
1733000	249	0	122	127
1733500	236	0	100	136
1734000	248	0	114	134
1734500	254	0	123	131
1735000	251	0	106	145
1735500	255	0	107	148
1736000	262	0	104	158
1736500	233	0	70	163
1737000	214	0	58	156
1737500	238	0	69	169
1738000	233	0	56	177
1738500	220	0	48	172
1739000	197	0	35	162
1739500	190	1	48	142
1740000	181	0	64	117
1740500	184	0	82	102
1741000	202	0	96	106
1741500	203	0	82	121
1742000	214	0	79	135
1742500	213	0	85	128
1743000	199	0	77	122
1743500	196	0	81	115
1744000	216	0	84	132
1744500	234	0	80	154
1745000	228	0	57	171
1745500	205	0	36	169
1746000	205	0	26	179
1746500	199	0	23	176
1747000	195	2	32	163
1747500	177	4	68	109
1748000	152	1	77	75
1748500	139	0	65	74
1749000	155	6	72	83
1749500	183	2	104	79
1750000	178	4	100	78
1750500	175	8	103	72
1751000	170	17	93	77
1751500	178	24	103	75
1752000	199	28	115	84
1752500	218	21	152	66
1753000	216	19	145	71
1753500	202	16	130	72
1754000	196	13	127	69
1754500	197	9	125	72
1755000	201	9	133	68
1755500	202	7	139	63
1756000	208	1	139	69
1756500	211	0	135	76
1757000	201	0	123	78
1757500	189	0	108	81
1758000	194	0	105	89
1758500	215	0	118	97
1759000	216	0	112	104
1759500	212	0	98	114
1760000	204	0	95	109
1760500	211	0	102	109
1761000	228	0	115	113
1761500	233	0	98	135
1762000	221	0	76	145
1762500	201	0	60	141
1763000	215	0	73	142
1763500	212	0	79	133
1764000	215	0	89	126
1764500	212	0	95	117
1765000	208	0	91	117
1765500	206	0	97	109
1766000	219	0	110	109
1766500	225	0	97	128
1767000	223	0	82	141
1767500	214	0	57	157
1768000	207	0	56	151
1768500	184	0	47	137
1769000	185	0	64	121
1769500	206	0	85	121
1770000	218	0	94	124
1770500	230	0	103	127
1771000	218	0	73	145
1771500	204	0	57	147
1772000	182	0	43	139
1772500	168	2	31	137
1773000	180	12	35	145
1773500	186	25	38	148
1774000	179	15	75	104
1774500	164	15	70	94
1775000	149	14	72	77
1775500	135	11	68	67
1776000	154	17	74	80
1776500	179	20	95	84
1777000	182	23	101	81
1777500	168	16	88	80
1778000	172	24	84	88
1778500	195	21	109	86
1779000	232	26	137	95
1779500	214	12	132	82
1780000	212	6	130	82
1780500	213	2	124	89
1781000	213	0	116	97
1781500	227	2	125	102
1782000	237	0	111	126
1782500	230	0	91	139
1783000	223	0	76	147
1783500	236	0	78	158
1784000	230	0	79	151
1784500	240	0	80	160
1785000	256	0	80	176
1785500	242	0	54	188
1786000	219	0	53	166
1786500	181	1	48	133
1787000	174	4	49	125
1787500	197	3	62	135
1788000	227	0	72	155
1788500	229	0	84	145
1789000	200	0	76	124
1789500	187	1	77	110
1790000	227	1	88	139
1790500	232	1	96	136
1791000	218	0	82	136
1791500	225	0	89	136
1792000	240	0	101	139
1792500	247	0	104	143
1793000	253	0	100	153
1793500	249	1	76	173
1794000	242	3	66	176
1794500	202	1	43	159
1795000	193	0	33	160
1795500	199	2	59	140
1796000	202	3	77	125
1796500	191	3	91	100
1797000	190	6	81	109
1797500	192	15	93	99
1798000	219	10	124	95
1798500	240	7	140	100
1799000	258	9	141	117
1799500	265	5	143	122
1800000	260	4	113	147
1800500	238	3	92	146
1801000	244	2	99	145
1801500	230	0	81	149
1802000	216	0	65	151
1802500	221	0	58	163
1803000	226	2	50	176
1803500	233	12	39	194
1804000	235	19	40	195
1804500	218	15	41	177
1805000	212	18	80	132
1805500	207	19	109	98
1806000	219	16	134	85
1806500	227	11	141	86
1807000	270	12	161	109
1807500	274	6	164	110
1808000	269	3	135	134
1808500	257	2	115	142
1809000	251	2	92	159
1809500	234	3	73	161
1810000	217	1	55	162
1810500	211	2	47	164
1811000	204	8	42	162
1811500	198	15	37	161
1812000	192	19	43	149
1812500	205	39	61	144
1813000	224	48	90	134
1813500	212	51	98	114
1814000	212	58	94	118
1814500	247	87	97	150
1815000	255	80	122	133
1815500	256	77	120	136
1816000	262	78	126	136
1816500	282	81	133	149
1817000	272	60	135	137
1817500	252	63	112	140
1818000	253	56	128	125
1818500	253	47	138	115
1819000	256	35	142	114
1819500	259	22	145	114
1820000	238	14	117	121
1820500	243	18	110	133
1821000	239	14	101	138
1821500	236	13	87	149
1822000	255	11	100	155
1822500	254	11	91	163
1823000	255	18	78	177
1823500	271	28	69	202
1824000	265	37	48	217
1824500	258	46	41	217
1825000	261	67	37	224
1825500	245	76	52	193
1826000	253	66	95	158
1826500	247	43	131	116
1827000	240	38	127	113
1827500	232	29	124	108
1828000	236	34	112	124
1828500	264	33	124	140
1829000	254	34	101	153
1829500	272	38	109	163
1830000	282	32	104	178
1830500	260	35	77	183
1831000	271	41	77	194
1831500	273	43	70	203
1832000	272	68	53	219
1832500	292	58	96	196
1833000	277	63	87	190
1833500	280	58	103	177
1834000	268	41	97	171
1834500	262	40	105	157
1835000	247	27	102	145
1835500	237	23	98	139
1836000	253	31	97	156
1836500	272	22	113	159
1837000	267	15	101	166
1837500	257	16	83	174
1838000	250	12	74	176
1838500	240	6	61	179
1839000	248	9	46	202
1839500	245	11	35	210
1840000	240	20	26	214
1840500	231	31	34	197
1841000	229	27	51	178
1841500	211	36	55	156
1842000	216	47	92	124
1842500	220	45	113	107
1843000	224	46	124	100
1843500	231	46	130	101
1844000	257	64	140	117
1844500	277	54	152	125
1845000	289	42	168	121
1845500	266	21	162	104
1846000	257	12	140	117
1846500	265	4	134	131
1847000	239	3	112	127
1847500	229	3	99	130
1848000	226	0	98	128
1848500	214	0	77	137
1849000	217	0	70	147
1849500	252	0	90	162
1850000	245	1	88	157
1850500	256	0	91	165
1851000	236	0	69	167
1851500	221	0	61	160
1852000	258	0	95	163
1852500	263	0	85	178
1853000	269	0	67	202
1853500	248	1	49	199
1854000	226	3	40	186
1854500	197	4	57	140
1855000	181	7	61	120
1855500	161	6	68	93
1856000	150	1	73	77
1856500	148	1	77	71
1857000	156	1	91	65
1857500	166	0	102	64
1858000	166	0	102	64
1858500	186	0	117	69
1859000	203	0	140	63
1859500	196	0	124	72
1860000	207	0	128	79
1860500	231	0	130	101
1861000	238	0	122	116
1861500	233	0	107	126
1862000	225	0	87	138
1862500	230	0	85	145
1863000	230	0	65	165
1863500	209	0	48	161
1864000	194	0	34	160
1864500	191	0	43	148
1865000	205	0	62	143
1865500	206	0	56	150
1866000	197	0	44	153
1866500	198	0	36	162
1867000	185	0	22	163
1867500	183	0	16	167
1868000	177	0	17	160
1868500	177	0	24	153
1869000	159	0	54	105
1869500	144	0	78	66
1870000	123	0	82	41
1870500	116	0	74	42
1871000	116	0	75	41
1871500	126	0	82	44
1872000	144	0	90	54
1872500	156	0	96	60
1873000	157	0	95	62
1873500	162	0	100	62
1874000	166	0	100	66
1874500	171	0	102	69
1875000	171	0	104	67
1875500	171	0	101	70
1876000	181	0	103	78
1876500	203	0	118	85
1877000	205	0	106	99
1877500	207	0	99	108
1878000	224	0	111	113
1878500	219	0	99	120
1879000	203	0	75	128
1879500	190	0	63	127
1880000	175	0	54	121
1880500	167	0	50	117
1881000	178	0	51	127
1881500	189	0	48	141
1882000	186	3	49	137
1882500	181	1	52	129
1883000	169	0	58	111
1883500	171	0	62	109
1884000	167	0	72	95
1884500	154	0	75	79
1885000	164	1	84	80
1885500	175	0	88	87
1886000	187	1	107	80
1886500	189	0	129	60
1887000	189	0	126	63
1887500	222	0	146	76
1888000	218	0	133	85
1888500	210	0	111	99
1889000	200	1	95	105
1889500	201	0	99	102
1890000	191	0	82	109
1890500	187	0	75	112
1891000	199	0	85	114
1891500	186	0	79	107
1892000	186	0	79	107
1892500	184	0	64	120
1893000	184	0	64	120
1893500	180	0	66	114
1894000	193	0	73	120
1894500	199	0	74	125
1895000	182	0	69	113
1895500	165	0	68	97
1896000	172	0	66	106
1896500	170	0	57	113
1897000	174	1	56	118
1897500	190	0	78	112
1898000	203	0	84	119
1898500	213	1	88	125
1899000	201	0	85	116
1899500	190	0	82	108
1900000	211	0	102	109
1900500	228	0	111	117
1901000	230	0	105	125
1901500	229	0	95	134
1902000	216	0	73	143
1902500	229	0	79	150
1903000	221	0	65	156
1903500	228	0	60	168
1904000	215	0	47	168
1904500	222	0	43	179
1905000	210	0	44	166
1905500	200	0	41	159
1906000	188	1	58	130
1906500	184	1	66	118
1907000	186	1	83	103
1907500	173	2	97	76
1908000	162	0	102	60
1908500	169	0	113	56
1909000	189	0	134	55
1909500	219	0	148	71
1910000	230	0	153	77
1910500	230	0	152	78
1911000	257	0	159	98
1911500	263	0	150	113
1912000	259	0	123	136
1912500	239	0	90	149
1913000	229	0	64	165
1913500	235	2	55	180
1914000	224	0	60	164
1914500	217	0	71	146
1915000	194	0	57	137
1915500	180	0	66	114
1916000	192	0	79	113
1916500	225	0	102	123
1917000	224	0	81	143
1917500	238	0	74	164
1918000	237	0	76	161
1918500	220	0	56	164
1919000	217	0	51	166
1919500	221	1	54	167
1920000	204	2	54	150
1920500	186	3	50	136
1921000	179	6	54	125
1921500	163	6	63	100
1922000	146	4	64	82
1922500	142	6	67	75
1923000	136	1	63	73
1923500	126	4	52	74
1924000	144	2	74	70
1924500	174	3	103	71
1925000	185	6	108	77
1925500	208	4	124	84
1926000	197	3	105	92
1926500	209	0	114	95
1927000	220	0	111	109
1927500	223	0	103	120
1928000	229	0	89	140
1928500	202	0	66	136
1929000	195	0	58	137
1929500	187	0	54	133
1930000	215	0	82	133
1930500	234	0	88	146
1931000	230	0	70	160
1931500	227	0	53	174
1932000	201	0	34	167
1932500	181	0	28	153
1933000	162	0	24	138
1933500	159	0	23	136
1934000	172	0	42	130
1934500	202	0	74	128
1935000	213	0	74	139
1935500	210	0	71	139
1936000	198	0	85	113
1936500	186	0	86	100
1937000	183	0	79	104
1937500	206	0	105	101
1938000	227	0	123	104
1938500	239	0	131	108
1939000	252	0	117	135
1939500	262	0	114	148
1940000	243	0	86	157
1940500	231	0	61	170
1941000	231	1	59	172
1941500	236	3	45	191
1942000	254	9	43	211
1942500	267	12	53	214
1943000	254	13	48	206
1943500	234	17	32	202
1944000	224	21	38	186
1944500	213	34	25	188
1945000	227	54	31	196
1945500	237	70	38	199
1946000	251	96	45	206
1946500	252	107	59	193
1947000	225	33	129	96
1947500	182	5	119	63
1948000	173	3	108	65
1948500	180	6	106	74
1949000	223	5	136	87
1949500	234	1	134	100
1950000	222	0	115	107
1950500	238	0	119	119
1951000	241	0	113	128
1951500	249	0	105	144
1952000	248	0	88	160
1952500	238	0	63	175
1953000	237	0	52	185
1953500	230	3	38	192
1954000	206	9	19	187
1954500	206	21	23	183
1955000	218	39	27	191
1955500	216	47	41	175
1956000	189	24	80	109
1956500	162	18	67	95
1957000	145	15	63	82
1957500	139	17	59	80
1958000	160	17	77	83
1958500	182	18	98	84
1959000	183	0	104	79
1959500	190	0	107	83
1960000	201	0	98	103
1960500	204	0	83	121
1961000	207	0	82	125
1961500	216	0	77	139
1962000	243	0	93	150
1962500	253	0	80	173
1963000	234	0	53	181
1963500	219	0	32	187
1964000	185	0	18	167
1964500	152	0	21	131
1965000	143	0	18	125
1965500	149	1	15	134
1966000	157	2	17	140
1966500	162	8	17	145
1967000	156	8	15	141
1967500	160	12	6	154
1968000	166	22	5	161
1968500	184	43	3	181
1969000	196	62	3	193
1969500	224	90	4	220
1970000	239	113	12	227
1970500	244	118	23	221
1971000	237	115	38	199
1971500	235	115	51	184
1972000	238	122	55	183
1972500	246	137	61	185
1973000	249	139	72	177
1973500	230	110	92	138
1974000	224	97	96	128
1974500	212	86	98	114
1975000	186	43	121	65
1975500	166	21	120	46
1976000	151	19	108	43
1976500	155	22	105	50
1977000	159	19	113	46
1977500	171	21	123	48
1978000	183	19	133	50
1978500	180	17	140	40
1979000	188	10	151	37
1979500	190	8	150	40
1980000	211	6	160	51
1980500	216	3	151	65
1981000	206	4	129	77
1981500	191	5	111	80
1982000	182	3	102	80
1982500	185	0	100	85
1983000	183	0	111	72
1983500	199	0	117	82
1984000	215	0	127	88
1984500	209	0	103	106
1985000	191	0	85	106
1985500	192	0	73	119
1986000	200	0	74	126
1986500	201	0	69	132
1987000	200	0	59	141
1987500	174	0	53	121
1988000	168	0	47	121
1988500	168	0	58	110
1989000	175	0	82	93
1989500	178	0	85	93
1990000	202	1	111	91
1990500	210	1	135	75
1991000	214	1	131	83
1991500	220	0	134	86
1992000	207	0	122	85
1992500	224	0	121	103
1993000	239	0	133	106
1993500	236	0	118	118
1994000	240	0	110	130
1994500	239	0	90	149
1995000	230	0	78	152
1995500	212	0	56	156
1996000	188	0	39	149
1996500	194	2	43	151
1997000	201	7	30	171
1997500	195	8	23	172
1998000	193	6	36	157
1998500	187	6	55	132
1999000	176	5	66	110
1999500	172	5	74	98
2000000	177	11	74	103
2000500	184	9	85	99
2001000	174	2	88	86
2001500	155	3	82	73
2002000	147	2	79	68
2002500	162	1	84	78
2003000	188	0	112	76
2003500	206	0	128	78
2004000	210	0	126	84
2004500	207	0	120	87
2005000	227	0	129	98
2005500	249	0	137	112
2006000	229	0	92	137
2006500	221	0	82	139
2007000	207	0	73	134
2007500	214	0	63	151
2008000	247	0	83	164
2008500	256	1	81	175
2009000	253	1	66	187
2009500	229	1	40	189
2010000	207	0	18	189
2010500	182	0	11	171
2011000	167	0	15	152
2011500	186	0	24	162
2012000	192	2	34	158
2012500	186	2	30	156
2013000	178	3	48	130
2013500	157	3	73	84
2014000	142	4	77	65
2014500	133	2	76	57
2015000	145	4	82	63
2015500	164	8	89	75
2016000	162	2	110	52
2016500	158	1	105	53
2017000	147	2	100	47
2017500	159	2	97	62
2018000	169	1	106	63
2018500	155	2	92	63
2019000	162	1	101	61
2019500	165	0	95	70
2020000	162	0	97	65
2020500	164	0	95	69
2021000	173	0	98	75
2021500	189	1	104	85
2022000	177	1	92	85
2022500	176	0	87	89
2023000	182	0	93	89
2023500	182	0	86	96
2024000	195	0	89	106
2024500	221	0	102	119
2025000	245	0	116	129
2025500	236	0	100	136
2026000	242	0	90	152
2026500	242	0	96	146
2027000	238	0	85	153
2027500	221	0	73	148
2028000	230	0	75	155
2028500	230	0	67	163
2029000	229	0	61	168
2029500	225	0	65	160
2030000	216	1	66	150
2030500	201	0	76	125
2031000	200	0	79	121
2031500	209	1	78	131
2032000	212	0	74	138
2032500	193	0	49	144
2033000	194	0	61	133
2033500	184	0	65	119
2034000	169	0	59	110
2034500	189	0	72	117
2035000	209	0	101	108
2035500	199	0	99	100
2036000	204	0	108	96
2036500	205	0	107	98
2037000	204	0	81	123
2037500	213	0	69	144
2038000	212	0	62	150
2038500	216	0	61	155
2039000	189	0	36	153
2039500	188	2	34	154
2040000	191	0	50	141
2040500	196	0	54	142
2041000	202	1	62	140
