500	358	337	12	28
500	384	366	16	15
1000	512	419	68	53
1500	504	315	106	116
2000	414	110	109	231
2500	363	58	49	295
3000	377	50	22	348
3500	395	52	27	366
4000	385	49	36	346
4500	397	52	58	339
5000	374	49	96	278
5500	325	32	136	189
6000	246	18	131	115
6500	200	18	111	89
7000	176	24	88	88
7500	195	46	84	111
8000	216	68	76	140
8500	245	94	74	171
9000	256	114	64	192
9500	282	138	58	224
10000	291	166	55	236
10500	313	197	51	262
11000	332	225	44	288
11500	350	241	51	299
12000	345	243	50	295
12500	341	256	43	298
13000	352	268	40	312
13500	357	274	42	315
14000	364	278	45	319
14500	339	258	40	299
15000	335	248	49	286
15500	328	252	39	289
16000	320	248	34	286
16500	321	255	28	293
17000	315	250	24	291
17500	325	254	28	297
18000	329	256	33	296
18500	333	251	40	293
19000	329	245	43	286
19500	308	199	69	239
20000	261	163	65	196
20500	237	136	69	168
21000	208	116	68	140
21500	196	112	60	136
22000	199	116	62	137
22500	196	105	70	126
23000	196	112	64	132
23500	214	126	67	147
24000	223	131	71	152
24500	218	131	66	152
25000	216	134	62	154
25500	223	144	65	158
26000	233	153	66	167
26500	231	156	63	168
27000	252	174	66	186
27500	250	175	62	188
28000	252	183	56	196
28500	254	186	54	200
29000	255	185	58	197
29500	265	199	50	215
30000	272	209	43	229
30500	287	229	38	249
31000	291	240	33	258
31500	301	252	31	270
32000	309	263	29	280
32500	307	268	22	285
33000	309	270	19	290
33500	313	274	18	295
34000	309	275	15	294
34500	313	276	14	299
35000	314	283	10	304
35500	317	285	11	306
36000	318	286	10	308
36500	323	291	11	312
37000	330	296	11	319
37500	328	295	11	317
38000	338	302	11	327
38500	326	290	10	316
39000	341	301	11	330
39500	354	309	8	346
40000	340	293	9	331
40500	333	285	9	324
41000	335	284	10	325
41500	346	289	12	334
42000	347	292	9	338
42500	349	292	10	339
43000	341	282	10	331
43500	348	278	19	329
44000	340	266	27	313
44500	339	260	32	307
45000	340	254	39	301
45500	329	250	41	288
46000	322	245	45	277
46500	314	238	52	262
47000	307	230	55	252
47500	306	231	49	257
48000	309	236	52	257
48500	303	237	49	254
49000	297	241	40	257
49500	298	244	35	263
50000	304	249	36	268
50500	294	242	30	264
51000	299	249	28	271
51500	305	255	26	279
52000	305	256	20	285
52500	308	263	14	294
53000	321	277	10	311
53500	318	275	9	309
54000	326	279	9	317
54500	326	275	10	316
55000	331	276	8	323
55500	334	275	8	326
56000	338	269	9	329
56500	338	265	7	331
57000	342	260	10	332
57500	348	261	13	335
58000	347	259	14	333
58500	361	264	14	347
59000	358	259	16	342
59500	346	243	23	323
60000	343	235	33	310
60500	321	222	43	278
61000	299	218	37	262
61500	302	222	37	265
62000	303	228	38	265
62500	311	239	35	276
63000	308	243	26	282
63500	308	242	27	281
64000	302	240	21	281
64500	307	250	17	290
65000	317	257	15	302
65500	322	260	15	307
66000	327	266	13	314
66500	324	264	11	313
67000	323	260	11	312
67500	331	262	13	318
68000	328	260	10	318
68500	323	252	8	315
69000	336	258	8	328
69500	334	252	9	325
70000	339	249	10	329
70500	335	244	11	324
71000	345	248	11	334
71500	339	244	12	327
72000	334	234	13	321
72500	335	234	13	322
73000	332	233	13	319
73500	341	235	15	326
74000	339	228	15	324
74500	331	227	15	316
75000	330	220	16	314
75500	325	218	15	310
76000	333	219	18	315
76500	337	219	24	313
77000	333	223	27	306
77500	325	220	32	293
78000	320	219	42	278
78500	298	212	44	254
79000	289	213	39	250
79500	286	213	37	249
80000	288	221	35	253
80500	286	221	36	250
81000	288	229	30	258
81500	286	235	25	261
82000	286	243	19	267
82500	283	241	21	262
83000	287	246	21	266
83500	293	254	18	275
84000	302	260	21	281
84500	305	262	21	284
85000	314	267	22	292
85500	313	271	18	295
86000	316	277	17	299
86500	313	271	17	296
87000	321	277	16	305
87500	317	275	14	303
88000	316	274	12	304
88500	321	277	13	308
89000	322	278	13	309
89500	313	268	13	300
90000	313	265	13	300
90500	318	269	13	305
91000	320	269	13	307
91500	321	269	13	308
92000	318	266	15	303
92500	316	261	19	297
93000	302	247	19	283
93500	309	253	20	289
94000	307	250	22	285
94500	313	253	21	292
95000	314	256	21	293
95500	314	256	23	291
96000	313	258	21	292
96500	320	265	21	299
97000	318	266	18	300
97500	318	269	16	302
98000	317	269	17	300
98500	314	262	18	296
99000	309	258	17	292
99500	317	263	19	298
100000	310	260	20	290
100500	311	260	19	292
101000	309	256	21	288
101500	313	261	21	292
102000	317	266	19	298
102500	316	266	19	297
103000	322	269	20	302
103500	320	263	21	299
104000	317	260	21	296
104500	313	249	24	289
105000	308	246	21	287
105500	308	251	18	290
106000	305	248	16	289
106500	315	253	17	298
107000	319	255	16	303
107500	317	253	18	299
108000	317	251	19	298
108500	324	256	17	307
109000	322	253	17	305
109500	322	253	17	305
110000	314	243	17	297
110500	321	250	18	303
111000	317	243	20	297
111500	309	237	24	285
112000	302	232	23	279
112500	298	228	24	274
113000	306	235	26	280
113500	297	236	24	273
114000	301	240	22	279
114500	299	240	23	276
115000	307	244	24	283
115500	302	240	24	278
116000	302	242	22	280
116500	299	244	17	282
117000	303	253	15	288
117500	309	261	15	294
118000	299	253	16	283
118500	302	255	19	283
119000	303	254	19	284
119500	305	259	17	288
120000	303	259	17	286
120500	302	261	16	286
121000	303	264	14	289
121500	302	267	12	290
122000	304	268	10	294
122500	307	272	10	297
123000	311	275	10	301
123500	311	276	9	302
124000	304	271	7	297
124500	302	274	6	296
125000	308	277	8	300
125500	304	276	6	298
126000	314	284	6	308
126500	322	290	6	316
127000	315	284	5	310
127500	316	285	4	312
128000	313	280	3	310
128500	310	276	4	306
129000	314	278	4	310
129500	312	275	4	308
130000	307	269	5	302
130500	310	270	5	305
131000	316	275	6	310
131500	315	274	6	309
132000	317	275	7	310
132500	316	270	7	309
133000	323	273	8	315
133500	330	275	8	322
134000	327	270	10	317
134500	321	262	11	310
135000	322	260	11	311
135500	315	250	13	302
136000	319	250	14	305
136500	321	248	15	306
137000	322	240	23	299
137500	318	241	20	298
138000	319	237	21	298
138500	316	233	24	292
139000	317	231	28	289
139500	311	224	32	279
140000	307	227	33	274
140500	293	219	33	260
141000	288	220	32	256
141500	286	222	29	257
142000	285	228	27	258
142500	288	236	25	263
143000	284	236	25	259
143500	293	244	24	269
144000	292	248	24	268
144500	303	256	22	281
145000	302	257	19	283
145500	293	252	16	277
146000	298	256	14	284
146500	308	262	13	295
147000	303	259	10	293
147500	308	261	9	299
148000	317	269	8	309
148500	317	270	6	311
149000	319	272	6	313
149500	318	270	8	310
150000	313	263	7	306
150500	305	261	6	299
151000	312	264	9	303
151500	315	264	10	305
152000	314	263	10	304
152500	312	258	11	301
153000	310	249	12	298
153500	311	249	13	298
154000	309	250	14	295
154500	306	245	17	289
155000	308	242	19	289
155500	307	241	25	282
156000	300	240	26	274
156500	293	235	24	269
157000	298	241	26	272
157500	296	241	24	272
158000	295	241	22	273
158500	298	247	20	278
159000	300	252	19	281
159500	304	254	19	285
160000	303	253	19	284
160500	294	252	19	275
161000	292	253	17	275
161500	299	262	16	283
162000	303	268	13	290
162500	308	274	13	295
163000	303	272	11	292
163500	307	275	11	296
164000	309	278	11	298
164500	306	275	12	294
165000	305	277	11	294
165500	307	277	12	295
166000	301	274	13	288
166500	301	273	13	288
167000	302	273	13	289
167500	308	277	13	295
168000	309	272	15	294
168500	299	264	14	285
169000	306	274	14	292
169500	314	279	14	300
170000	313	281	13	300
170500	311	280	13	298
171000	312	281	12	300
171500	309	278	11	298
172000	308	278	10	298
172500	299	271	8	291
173000	299	274	6	293
173500	298	273	7	291
174000	290	267	8	282
174500	292	268	8	284
175000	293	268	7	286
175500	302	272	7	295
176000	304	275	6	298
176500	308	277	5	303
177000	313	280	5	308
177500	316	279	5	311
178000	316	277	5	311
178500	312	276	4	308
179000	312	275	4	308
179500	316	274	5	311
180000	314	273	6	308
180500	309	268	7	302
181000	314	270	8	306
181500	312	265	9	303
182000	310	262	11	299
182500	306	257	13	293
183000	305	256	14	291
183500	304	255	14	290
184000	313	260	15	298
184500	316	261	14	302
185000	308	251	17	291
185500	311	254	16	295
186000	302	247	15	287
186500	307	246	17	290
187000	301	244	14	287
187500	298	242	15	283
188000	306	244	20	286
188500	309	248	20	289
189000	314	250	23	291
189500	309	246	27	282
190000	314	253	28	286
190500	307	247	29	278
191000	297	243	28	269
191500	298	248	27	271
192000	297	245	25	272
192500	301	249	23	278
193000	296	250	20	276
193500	301	253	19	282
194000	303	257	16	287
194500	308	264	16	292
195000	306	265	15	291
195500	304	263	15	289
196000	304	262	15	289
196500	304	260	16	288
197000	302	258	15	287
197500	300	255	14	286
198000	297	252	17	280
198500	298	254	16	282
199000	308	262	17	291
199500	310	266	17	293
200000	306	264	13	293
200500	307	264	12	295
201000	307	264	10	297
201500	304	266	9	295
202000	308	269	10	298
202500	308	266	12	296
203000	303	261	13	290
203500	312	268	14	298
204000	310	268	14	296
204500	311	269	14	297
205000	316	273	13	303
205500	305	262	12	293
206000	314	269	14	300
206500	304	262	13	291
207000	305	261	13	292
207500	303	260	15	288
208000	303	260	14	289
208500	303	262	13	290
209000	303	265	11	292
209500	308	268	10	298
210000	305	263	11	294
210500	303	259	12	291
211000	301	258	13	288
211500	304	262	13	291
212000	313	269	14	299
212500	315	269	13	302
213000	313	268	13	300
213500	314	269	10	304
214000	320	275	9	311
214500	311	268	9	302
215000	308	266	13	295
215500	296	259	13	283
216000	297	260	14	283
216500	297	261	14	283
217000	292	256	14	278
217500	289	254	15	274
218000	296	258	15	281
218500	300	263	15	285
219000	298	262	15	283
219500	307	272	15	292
220000	303	272	15	288
220500	305	275	14	291
221000	303	276	9	294
221500	299	273	8	291
222000	305	277	9	296
222500	301	278	7	294
223000	294	275	7	287
223500	301	282	7	294
224000	299	280	7	292
224500	295	276	7	288
225000	301	280	7	294
225500	302	279	7	295
226000	307	282	7	300
226500	303	277	6	297
227000	310	281	6	304
227500	312	286	5	307
228000	310	284	4	306
228500	304	279	3	301
229000	305	282	3	302
229500	308	284	3	305
230000	306	278	5	301
230500	311	282	7	304
231000	317	288	8	309
231500	303	271	9	294
232000	309	277	10	299
232500	307	273	10	297
233000	307	272	11	296
233500	311	276	11	300
234000	313	277	11	302
234500	302	267	10	292
235000	305	268	11	294
235500	308	266	13	295
236000	304	263	15	289
236500	303	259	18	285
237000	290	251	19	271
237500	294	255	21	273
238000	293	257	21	272
238500	304	265	23	281
239000	300	264	23	277
239500	297	262	21	276
240000	299	264	22	277
240500	304	270	21	283
241000	306	273	23	283
241500	306	278	21	285
242000	298	274	19	279
242500	297	273	18	279
243000	298	275	17	281
243500	291	275	10	281
244000	298	284	8	290
244500	302	287	8	294
245000	302	289	7	295
245500	299	284	8	291
246000	297	281	8	289
246500	300	286	7	293
247000	301	287	7	294
247500	305	291	6	299
248000	311	296	6	305
248500	311	298	3	308
249000	317	303	3	314
249500	318	303	4	314
250000	327	310	4	323
250500	322	305	3	319
251000	316	300	2	314
251500	312	297	2	310
252000	305	288	3	302
252500	300	286	3	297
253000	301	286	3	298
253500	298	281	4	294
254000	302	283	5	297
254500	304	285	6	298
255000	306	286	7	299
255500	301	282	7	294
256000	305	288	6	299
256500	319	297	10	309
257000	314	292	11	303
257500	305	280	12	293
258000	308	282	13	295
258500	306	278	13	293
259000	309	282	15	294
259500	314	286	14	300
260000	314	287	14	300
260500	318	287	15	303
261000	314	284	14	300
261500	301	274	12	289
262000	294	270	8	286
262500	304	279	8	296
263000	308	282	9	299
263500	301	276	9	292
264000	308	284	11	297
264500	313	289	12	301
265000	319	291	15	304
265500	318	290	15	303
266000	319	290	15	304
266500	314	283	17	297
267000	318	286	17	301
267500	320	282	20	300
268000	314	274	20	294
268500	317	272	24	293
269000	314	266	25	289
269500	308	261	24	284
270000	302	253	26	276
270500	301	252	24	277
271000	306	253	28	278
271500	302	248	28	274
272000	304	247	29	275
272500	304	248	27	277
273000	308	250	26	282
273500	308	253	23	285
274000	308	251	22	286
274500	308	252	21	287
275000	310	253	22	288
275500	313	256	21	292
276000	312	260	19	293
276500	315	263	22	293
277000	312	258	21	291
277500	313	261	20	293
278000	312	260	19	293
278500	309	256	17	292
279000	309	256	16	293
279500	313	259	17	296
280000	311	257	13	298
280500	310	254	14	296
281000	314	255	12	302
281500	309	247	13	296
282000	310	249	13	297
282500	318	253	12	306
283000	324	253	12	312
283500	323	251	14	309
284000	325	248	14	311
284500	317	242	13	304
285000	317	243	15	302
285500	318	245	16	302
286000	324	248	16	308
286500	323	244	21	302
287000	320	241	22	298
287500	320	240	24	296
288000	314	233	25	289
288500	311	229	27	284
289000	311	227	29	282
289500	312	229	34	278
290000	308	225	35	273
290500	306	228	35	271
291000	297	225	33	264
291500	302	235	34	268
292000	308	237	36	272
292500	309	242	34	275
293000	307	241	31	276
293500	315	241	34	281
294000	319	243	33	286
294500	316	242	32	284
295000	313	241	32	281
295500	316	239	32	284
296000	314	237	29	285
296500	316	238	29	287
297000	321	242	28	293
297500	325	244	29	296
298000	333	249	28	305
298500	343	252	28	315
299000	332	241	28	304
299500	338	238	30	308
300000	328	228	30	298
300500	319	221	32	287
301000	329	224	38	291
301500	322	220	40	282
302000	315	213	39	276
302500	318	215	42	276
303000	303	208	40	263
303500	299	205	43	256
304000	301	213	40	261
304500	301	217	38	263
305000	307	229	33	274
305500	302	227	32	270
306000	301	227	30	271
306500	305	229	31	274
307000	305	229	31	274
307500	309	232	31	278
308000	326	247	32	294
308500	326	250	31	295
309000	321	251	28	293
309500	322	251	25	297
310000	312	247	22	290
310500	316	249	23	293
311000	317	251	25	292
311500	315	246	27	288
312000	318	248	29	289
312500	319	247	32	287
313000	318	245	33	285
313500	318	243	33	285
314000	318	239	36	282
314500	315	237	35	280
315000	317	235	38	279
315500	325	235	40	285
316000	327	233	46	281
316500	318	229	44	274
317000	314	226	45	269
317500	307	225	40	267
318000	304	223	36	268
318500	295	218	37	258
319000	304	225	42	262
319500	301	223	42	259
320000	299	219	44	255
320500	299	222	42	257
321000	306	231	40	266
321500	305	231	40	265
322000	309	236	43	266
322500	310	235	44	266
323000	309	233	46	263
323500	299	228	43	256
324000	297	227	42	255
324500	296	229	38	258
325000	298	231	38	260
325500	289	224	35	254
326000	298	229	36	262
326500	306	238	34	272
327000	304	240	31	273
327500	303	242	27	276
328000	310	250	27	283
328500	307	248	27	280
329000	304	248	25	279
329500	309	253	22	287
330000	310	256	21	289
330500	303	252	18	285
331000	311	257	18	293
331500	312	256	18	294
332000	310	252	18	292
332500	312	249	18	294
333000	317	252	19	298
333500	319	254	19	300
334000	323	259	18	305
334500	311	250	18	293
335000	317	250	18	299
335500	317	245	18	299
336000	311	236	19	292
336500	321	241	20	301
337000	321	241	20	301
337500	324	241	22	302
338000	326	239	23	303
338500	321	238	23	298
339000	322	236	23	299
339500	321	231	27	294
340000	327	238	28	299
340500	319	232	27	292
341000	325	236	27	298
341500	319	230	26	293
342000	328	236	27	301
342500	318	220	29	289
343000	313	215	32	281
343500	314	214	35	279
344000	311	212	40	271
344500	314	212	39	275
345000	313	213	40	273
345500	312	211	43	269
346000	307	216	39	268
346500	312	219	36	276
347000	316	225	35	281
347500	321	225	38	283
348000	317	229	32	285
348500	317	232	29	288
349000	315	231	28	287
349500	313	234	27	286
350000	307	232	24	283
350500	304	229	26	278
351000	314	236	27	287
351500	316	239	26	290
352000	319	235	31	288
352500	319	241	32	287
353000	312	234	36	276
353500	312	230	42	270
354000	302	230	39	263
354500	301	235	35	266
355000	299	240	31	268
355500	296	239	30	266
356000	298	242	27	271
356500	299	246	26	273
357000	299	247	22	277
357500	303	254	21	282
358000	308	262	21	287
358500	298	255	19	279
359000	305	262	19	286
359500	299	261	15	284
360000	302	264	13	289
360500	310	274	12	298
361000	311	272	9	302
361500	314	273	9	305
362000	313	272	8	305
362500	312	271	9	303
363000	309	267	10	299
363500	308	269	9	299
364000	308	271	7	301
364500	305	269	7	298
365000	302	264	7	295
365500	303	263	6	297
366000	310	270	6	304
366500	309	266	5	304
367000	311	266	3	308
367500	315	267	3	312
368000	316	267	3	313
368500	315	265	3	312
369000	311	260	2	309
369500	311	254	2	309
370000	311	251	1	310
370500	318	255	1	317
371000	323	261	1	322
371500	325	261	2	323
372000	323	254	2	321
372500	321	253	2	319
373000	326	254	2	324
373500	332	256	2	330
374000	334	255	2	332
374500	336	254	1	335
375000	329	247	0	329
375500	326	244	0	326
376000	330	244	0	330
376500	325	240	0	325
377000	334	246	0	334
377500	339	245	0	339
378000	336	240	0	336
378500	338	236	0	338
379000	336	233	0	336
379500	339	233	0	339
380000	335	226	0	335
380500	338	225	0	338
381000	340	221	0	340
381500	338	214	0	338
382000	342	212	0	342
382500	344	212	0	344
383000	344	209	2	342
383500	361	220	2	359
384000	352	213	2	350
384500	358	211	3	355
385000	359	212	4	355
385500	360	210	4	356
386000	354	201	5	349
386500	351	198	5	346
387000	346	196	7	339
387500	341	194	6	335
388000	346	198	6	340
388500	348	197	6	342
389000	351	199	6	345
389500	355	208	7	348
390000	353	207	6	347
390500	360	209	6	354
391000	350	205	6	344
391500	349	203	5	344
392000	353	211	4	349
392500	354	210	5	349
393000	365	218	5	360
393500	369	223	5	364
394000	367	223	3	364
394500	359	222	3	356
395000	360	224	3	357
395500	361	225	4	357
396000	357	218	3	354
396500	361	221	3	358
397000	358	218	4	354
397500	365	222	4	361
398000	371	225	3	368
398500	365	219	3	362
399000	361	216	2	359
399500	357	211	1	356
400000	363	210	1	362
400500	367	214	1	366
401000	378	217	2	376
401500	378	214	2	376
402000	387	218	2	385
402500	390	223	2	388
403000	378	221	2	376
403500	372	213	2	370
404000	380	220	2	378
404500	379	217	2	377
405000	385	223	2	383
405500	387	225	2	385
406000	389	224	2	387
406500	387	220	2	385
407000	387	221	2	385
407500	383	221	3	380
408000	370	216	3	367
408500	371	219	3	368
409000	374	223	3	371
409500	374	227	2	372
410000	374	223	2	372
410500	368	220	1	367
411000	371	224	1	370
411500	373	225	1	372
412000	386	241	0	386
412500	382	235	0	382
413000	382	232	0	382
413500	379	232	0	379
414000	376	226	0	376
414500	381	229	0	381
415000	383	226	1	382
415500	389	231	1	388
416000	388	230	1	387
416500	391	231	1	390
417000	392	236	1	391
417500	397	236	1	396
418000	383	229	1	382
418500	381	231	1	380
419000	377	230	2	375
419500	371	223	2	369
420000	379	227	2	377
420500	389	232	3	386
421000	393	236	3	390
421500	391	236	3	388
422000	396	239	3	393
422500	398	242	3	395
423000	389	234	3	386
423500	391	233	3	388
424000	392	231	2	390
424500	380	227	2	378
425000	380	218	2	378
425500	383	219	2	381
426000	376	210	2	374
426500	379	210	3	376
427000	396	227	3	393
427500	399	228	3	396
428000	393	225	3	390
428500	398	231	3	395
429000	398	232	4	394
429500	397	227	4	393
430000	390	222	5	385
430500	392	223	5	387
431000	397	228	7	390
431500	393	222	10	383
432000	392	219	12	380
432500	383	214	14	369
433000	381	222	14	367
433500	374	221	16	358
434000	376	225	14	362
434500	381	230	13	368
435000	386	237	10	376
435500	391	236	11	380
436000	377	225	9	368
436500	386	231	12	374
437000	381	231	13	368
437500	378	226	16	362
438000	382	226	25	357
438500	379	234	37	342
439000	373	234	45	328
439500	357	234	49	308
440000	341	238	50	291
440500	343	253	51	292
441000	328	257	39	289
441500	323	261	34	289
442000	333	277	27	306
442500	352	297	24	328
443000	345	296	23	322
443500	336	263	48	288
444000	293	207	67	226
444500	200	128	61	139
445000	160	103	49	111
445500	149	96	46	103
446000	152	103	43	109
446500	158	113	38	120
447000	178	132	37	141
447500	196	144	42	154
448000	205	150	44	161
448500	228	163	52	176
449000	225	155	57	168
449500	225	164	48	177
450000	227	176	40	187
450500	246	198	36	210
451000	251	207	33	218
451500	261	221	29	232
452000	265	229	26	239
452500	278	243	22	256
453000	284	249	21	263
453500	291	260	19	272
454000	298	270	18	280
454500	307	280	17	290
455000	307	281	17	290
455500	305	278	19	286
456000	312	283	22	290
456500	306	278	24	282
457000	305	281	21	284
457500	296	275	19	277
458000	295	272	20	275
458500	295	273	18	277
459000	300	277	19	281
459500	305	281	20	285
460000	305	285	16	289
460500	306	285	16	290
461000	300	279	17	283
461500	304	284	16	288
462000	308	289	15	293
462500	303	284	15	288
463000	306	286	16	290
463500	298	279	15	283
464000	300	279	16	284
464500	293	271	18	275
465000	297	276	16	281
465500	303	283	15	288
466000	311	292	14	297
466500	314	295	15	299
467000	311	294	13	298
467500	314	296	13	301
468000	316	297	14	302
468500	311	292	15	296
469000	312	293	15	297
469500	305	284	15	290
470000	306	286	15	291
470500	304	285	13	291
471000	302	283	13	289
471500	298	276	15	283
472000	304	283	14	290
472500	302	280	16	286
473000	312	289	17	295
473500	312	287	19	293
474000	308	283	19	289
474500	304	279	19	285
475000	309	283	20	289
475500	306	279	21	285
476000	307	281	21	286
476500	308	279	24	284
477000	301	272	22	279
477500	299	271	22	277
478000	296	270	20	276
478500	299	273	19	280
479000	304	275	21	283
479500	308	277	23	285
480000	310	282	20	290
480500	305	278	19	286
481000	302	274	19	283
481500	301	274	16	285
482000	301	271	18	283
482500	301	271	17	284
483000	307	277	18	289
483500	302	273	17	285
484000	307	280	17	290
484500	303	277	17	286
485000	304	281	15	289
485500	309	283	17	292
486000	310	282	19	291
486500	307	279	19	288
487000	300	277	17	283
487500	305	281	18	287
488000	299	274	20	279
488500	305	277	23	282
489000	297	269	23	274
489500	307	276	27	280
490000	304	274	26	278
490500	306	276	26	280
491000	300	270	27	273
491500	303	272	27	276
492000	300	268	27	273
492500	297	269	24	273
493000	291	261	25	266
493500	298	268	25	273
494000	302	274	23	279
494500	308	280	22	286
495000	314	289	19	295
495500	310	286	18	292
496000	311	286	18	293
496500	313	289	18	295
497000	297	272	18	279
497500	296	270	18	278
498000	297	266	19	278
498500	294	265	18	276
499000	299	272	16	283
499500	301	275	16	285
500000	309	284	16	293
500500	309	284	16	293
501000	310	285	15	295
501500	306	281	16	290
502000	308	285	15	293
502500	305	279	16	289
503000	304	277	17	287
503500	311	283	19	292
504000	308	282	19	289
504500	305	280	17	288
505000	305	283	17	288
505500	301	276	19	282
506000	306	279	20	286
506500	305	276	20	285
507000	308	277	21	287
507500	305	272	22	283
508000	308	278	20	288
508500	305	275	20	285
509000	302	270	24	278
509500	314	283	23	291
510000	305	275	21	284
510500	303	275	20	283
511000	296	268	21	275
511500	299	271	21	278
512000	300	269	22	278
512500	304	269	25	279
513000	308	271	26	282
513500	313	274	27	286
514000	321	281	28	293
514500	313	277	23	290
515000	314	279	22	292
515500	312	277	22	290
516000	311	278	20	291
516500	306	273	21	285
517000	307	273	23	284
517500	306	274	21	285
518000	309	276	23	286
518500	300	266	25	275
519000	301	265	25	276
519500	308	270	27	281
520000	310	272	29	281
520500	309	272	28	281
521000	311	270	31	280
521500	314	275	28	286
522000	312	272	30	282
522500	308	269	29	279
523000	310	272	30	280
523500	305	269	29	276
524000	306	270	30	276
524500	307	265	35	272
525000	303	261	34	269
525500	303	259	34	269
526000	300	261	30	270
526500	298	259	29	269
527000	298	262	24	274
527500	294	258	23	271
528000	300	264	25	275
528500	298	264	22	276
529000	304	269	23	281
529500	298	263	24	274
530000	301	268	24	277
530500	307	270	26	281
531000	315	277	28	287
531500	309	268	30	279
532000	313	270	31	282
532500	314	272	29	285
533000	308	269	24	284
533500	306	265	26	280
534000	306	266	26	280
534500	312	271	26	286
535000	312	267	28	284
535500	310	268	26	284
536000	318	274	28	290
536500	322	276	28	294
537000	316	270	28	288
537500	312	264	30	282
538000	313	266	30	283
538500	316	268	29	287
539000	323	271	32	291
539500	310	264	26	284
540000	315	268	27	288
540500	313	264	29	284
541000	304	258	28	276
541500	306	256	30	276
542000	312	265	27	285
542500	317	271	26	291
543000	319	273	28	291
543500	314	271	26	288
544000	314	267	29	285
544500	313	264	28	285
545000	314	267	28	286
545500	313	266	29	284
546000	319	268	35	284
546500	310	261	35	275
547000	310	261	35	275
547500	308	259	37	271
548000	320	270	38	282
548500	317	271	35	282
549000	307	261	35	272
549500	302	255	36	266
550000	301	255	36	265
550500	293	252	32	261
551000	288	250	30	258
551500	295	258	27	268
552000	296	258	29	267
552500	303	265	30	273
553000	306	267	31	275
553500	310	273	29	281
554000	312	274	31	281
554500	316	278	30	286
555000	310	275	26	284
555500	306	275	24	282
556000	312	283	24	288
556500	306	277	23	283
557000	310	282	21	289
557500	305	277	20	285
558000	302	276	18	284
558500	309	279	20	289
559000	310	278	19	291
559500	303	276	19	284
560000	299	272	19	280
560500	301	277	16	285
561000	294	273	15	279
561500	293	273	15	278
562000	300	280	13	287
562500	308	289	13	295
563000	300	285	12	288
563500	298	283	11	287
564000	309	293	12	297
564500	313	298	12	301
565000	315	298	13	302
565500	317	298	15	302
566000	314	295	14	300
566500	307	287	14	293
567000	304	284	16	288
567500	308	286	15	293
568000	305	280	16	289
568500	304	282	14	290
569000	304	282	14	290
569500	307	283	15	292
570000	307	286	15	292
570500	308	287	15	293
571000	304	279	18	286
571500	305	281	18	287
572000	297	274	17	280
572500	298	276	14	284
573000	304	284	13	291
573500	312	291	15	297
574000	307	284	15	292
574500	310	292	11	299
575000	309	291	11	298
575500	312	296	12	300
576000	307	288	13	294
576500	301	282	13	288
577000	301	283	14	287
577500	299	281	14	285
578000	307	286	15	292
578500	302	278	17	285
579000	308	285	16	292
579500	306	284	15	291
580000	304	281	15	289
580500	302	276	16	286
581000	310	283	16	294
581500	308	280	19	289
582000	304	276	20	284
582500	300	270	22	278
583000	299	268	25	274
583500	305	272	24	281
584000	302	267	25	277
584500	300	267	23	277
585000	298	267	22	276
585500	300	266	24	276
586000	297	269	19	278
586500	298	266	22	276
587000	301	269	22	279
587500	315	282	22	293
588000	313	282	21	292
588500	306	279	18	288
589000	309	285	18	291
589500	307	285	16	291
590000	294	274	14	280
590500	293	275	12	281
591000	291	276	11	280
591500	295	280	9	286
592000	300	286	8	292
592500	296	282	8	288
593000	304	285	12	292
593500	314	291	14	300
594000	310	288	14	296
594500	317	293	15	302
595000	321	296	15	306
595500	312	289	14	298
596000	313	294	11	302
596500	305	289	9	296
597000	306	289	10	296
597500	306	290	10	296
598000	295	278	11	284
598500	299	281	12	287
599000	305	286	12	293
599500	309	289	13	296
600000	306	287	14	292
600500	316	294	17	299
601000	312	288	20	292
601500	318	286	28	290
602000	314	282	29	285
602500	307	274	29	278
603000	303	273	26	277
603500	304	273	27	277
604000	301	269	27	274
604500	302	271	27	275
605000	298	268	26	272
605500	295	263	26	269
606000	305	274	26	279
606500	297	266	26	271
607000	300	265	29	271
607500	293	260	27	266
608000	296	264	28	268
608500	289	260	26	263
609000	291	261	28	263
609500	298	269	27	271
610000	308	276	31	277
610500	313	280	32	281
611000	311	283	28	283
611500	314	285	29	285
612000	311	283	27	284
612500	318	291	26	292
613000	319	293	25	294
613500	313	284	28	285
614000	304	276	27	277
614500	300	273	26	274
615000	297	272	24	273
615500	300	270	28	272
616000	307	277	28	279
616500	315	281	31	284
617000	310	276	31	279
617500	303	267	30	273
618000	307	269	30	277
618500	304	269	27	277
619000	309	270	28	281
619500	307	267	28	279
620000	312	271	27	285
620500	308	269	26	282
621000	313	273	26	287
621500	307	264	27	280
622000	307	264	28	279
622500	303	264	24	279
623000	301	262	23	278
623500	301	261	24	277
624000	309	272	23	286
624500	311	271	23	288
625000	314	275	21	293
625500	316	277	19	297
626000	312	275	16	296
626500	318	278	18	300
627000	311	270	19	292
627500	310	270	20	290
628000	312	274	21	291
628500	308	275	18	290
629000	315	283	19	296
629500	312	278	20	292
630000	312	282	18	294
630500	309	278	18	291
631000	304	273	15	289
631500	302	272	14	288
632000	304	273	14	290
632500	309	276	16	293
633000	313	279	18	295
633500	311	280	18	293
634000	308	279	18	290
634500	301	269	20	281
635000	303	267	24	279
635500	307	264	29	278
636000	311	266	31	280
636500	307	268	27	280
637000	312	273	28	284
637500	310	269	29	281
638000	308	263	31	277
638500	314	271	30	284
639000	321	275	32	289
639500	326	280	33	293
640000	315	266	34	281
640500	315	266	34	281
641000	310	261	35	275
641500	302	258	30	272
642000	304	256	31	273
642500	310	260	31	279
643000	311	262	31	280
643500	313	263	31	282
644000	311	264	29	282
644500	311	266	30	281
645000	315	267	34	281
645500	308	262	32	276
646000	309	261	32	277
646500	303	257	29	274
647000	312	262	31	281
647500	301	252	30	271
648000	299	252	28	271
648500	300	252	29	271
649000	317	265	32	285
649500	312	264	29	283
650000	311	265	27	284
650500	316	264	27	289
651000	307	258	26	281
651500	297	248	25	272
652000	302	250	26	276
652500	312	256	28	284
653000	315	260	26	289
653500	310	258	25	285
654000	315	262	25	290
654500	315	265	25	290
655000	317	268	24	293
655500	312	267	22	290
656000	308	264	21	287
656500	306	266	20	286
657000	310	267	21	289
657500	305	265	19	286
658000	304	267	18	286
658500	301	266	20	281
659000	305	269	21	284
659500	302	266	23	279
660000	305	269	22	283
660500	315	278	23	292
661000	320	278	26	294
661500	321	279	26	295
662000	322	281	29	293
662500	321	280	29	292
663000	319	277	30	289
663500	319	273	32	287
664000	315	271	30	285
664500	316	273	30	286
665000	312	272	28	284
665500	313	276	27	286
666000	311	274	27	284
666500	314	276	29	285
667000	315	280	27	288
667500	307	271	27	280
668000	316	274	31	285
668500	317	276	30	287
669000	317	271	32	285
669500	315	272	30	285
670000	315	274	30	285
670500	317	275	33	284
671000	314	271	34	280
671500	311	267	35	276
672000	308	262	38	270
672500	307	264	35	272
673000	308	262	39	269
673500	314	266	40	274
674000	318	269	40	278
674500	320	273	38	282
675000	313	269	36	277
675500	317	270	38	279
676000	314	270	35	279
676500	306	266	31	275
677000	310	270	31	279
677500	313	271	33	280
678000	315	276	30	285
678500	325	281	34	291
679000	325	279	37	288
679500	317	267	41	276
680000	312	265	38	274
680500	304	259	37	267
681000	297	255	34	263
681500	306	264	33	273
682000	296	256	31	265
682500	298	260	31	267
683000	300	262	31	269
683500	303	263	31	272
684000	309	267	29	280
684500	310	269	28	282
685000	313	273	27	286
685500	310	271	26	284
686000	304	269	24	280
686500	300	267	21	279
687000	307	275	20	287
687500	307	272	22	285
688000	308	271	24	284
688500	297	259	24	273
689000	300	263	23	277
689500	307	268	24	283
690000	310	272	23	287
690500	309	271	23	286
691000	310	270	24	286
691500	298	260	24	274
692000	294	259	22	272
692500	301	268	20	281
693000	303	270	18	285
693500	299	264	20	279
694000	305	272	19	286
694500	306	271	20	286
695000	304	270	19	285
695500	308	272	20	288
696000	313	278	19	294
696500	310	275	19	291
697000	303	267	18	285
697500	298	263	17	281
698000	303	268	19	284
698500	308	273	18	290
699000	323	286	19	304
699500	315	275	20	295
700000	312	274	19	293
700500	313	277	18	295
701000	312	277	19	293
701500	308	275	19	289
702000	308	275	21	287
702500	307	275	22	285
703000	317	283	24	293
703500	319	283	25	294
704000	321	283	27	294
704500	307	270	27	280
705000	312	275	26	286
705500	306	269	26	280
706000	307	266	29	278
706500	302	260	28	274
707000	297	255	29	268
707500	299	261	26	273
708000	299	260	25	274
708500	304	269	22	282
709000	306	273	20	286
709500	318	286	20	298
710000	318	288	18	300
710500	308	280	17	291
711000	309	283	15	294
711500	311	283	17	294
712000	309	281	16	293
712500	306	281	15	291
713000	306	278	18	288
713500	306	280	17	289
714000	305	278	16	289
714500	309	285	13	296
715000	304	281	13	291
715500	310	291	12	298
716000	311	291	13	298
716500	302	282	12	290
717000	305	283	13	292
717500	303	282	12	291
718000	309	288	12	297
718500	308	285	12	296
719000	306	284	13	293
719500	310	291	14	296
720000	309	287	17	292
720500	314	290	19	295
721000	312	287	19	293
721500	309	282	20	289
722000	303	276	20	283
722500	303	276	20	283
723000	300	272	21	279
723500	302	271	20	282
724000	301	270	20	281
724500	304	272	20	284
725000	308	276	20	288
725500	308	275	19	289
726000	308	274	19	289
726500	301	268	20	281
727000	300	268	20	280
727500	301	269	20	281
728000	301	271	20	281
728500	298	268	23	275
729000	299	270	22	277
729500	306	276	22	284
730000	304	274	20	284
730500	306	274	21	285
731000	301	269	20	281
731500	307	276	18	289
732000	305	272	18	287
732500	305	272	19	286
733000	313	282	18	295
733500	320	289	18	302
734000	316	285	18	298
734500	313	280	19	294
735000	301	268	18	283
735500	303	270	20	283
736000	309	275	20	289
736500	307	272	20	287
737000	308	275	19	289
737500	306	274	19	287
738000	311	280	19	292
738500	315	282	20	295
739000	308	276	21	287
739500	309	275	23	286
740000	308	270	27	281
740500	299	260	27	272
741000	307	263	31	276
741500	303	261	30	273
742000	305	263	30	275
742500	305	261	30	275
743000	308	261	32	276
743500	312	262	33	279
744000	312	261	34	278
744500	307	258	32	275
745000	306	257	32	274
745500	309	263	29	280
746000	306	261	28	278
746500	309	266	26	283
747000	305	263	25	280
747500	315	271	25	290
748000	310	266	23	287
748500	300	260	21	279
749000	305	265	23	282
749500	310	269	23	287
750000	317	276	22	295
750500	314	277	20	294
751000	307	272	20	287
751500	314	280	19	295
752000	315	278	20	295
752500	310	270	21	289
753000	310	272	18	292
753500	314	275	18	296
754000	318	278	19	299
754500	320	278	18	302
755000	315	274	16	299
755500	314	274	16	298
756000	307	267	17	290
756500	302	267	13	289
757000	302	267	12	290
757500	307	272	11	296
758000	310	276	10	300
758500	317	282	10	307
759000	318	282	8	310
759500	311	277	8	303
760000	310	274	8	302
760500	314	275	10	304
761000	316	277	10	306
761500	313	273	10	303
762000	307	266	10	297
762500	307	265	8	299
763000	302	262	6	296
763500	301	260	5	296
764000	303	262	4	299
764500	307	266	3	304
765000	307	267	3	304
765500	316	275	2	314
766000	321	281	2	319
766500	318	277	2	316
767000	321	278	2	319
767500	322	282	1	321
768000	322	282	1	321
768500	332	291	1	331
769000	326	283	1	325
769500	323	283	1	322
770000	317	275	1	316
770500	314	272	1	313
771000	310	267	1	309
771500	312	270	1	311
772000	321	277	1	320
772500	321	272	0	321
773000	315	267	0	315
773500	322	270	0	322
774000	326	275	0	326
774500	336	283	0	336
775000	326	272	0	326
775500	326	271	0	326
776000	331	271	0	331
776500	335	273	0	335
777000	333	270	0	333
777500	334	270	0	334
778000	333	266	0	333
778500	333	268	0	333
779000	334	267	0	334
779500	326	262	0	326
780000	329	267	0	329
780500	329	269	0	329
781000	337	277	0	337
781500	345	287	0	345
782000	345	288	0	345
782500	346	288	0	346
783000	346	288	1	345
783500	350	289	1	349
784000	360	291	1	359
784500	358	290	1	357
785000	363	293	1	362
785500	372	300	1	371
786000	365	296	0	365
786500	359	294	0	359
787000	359	293	0	359
787500	365	296	0	365
788000	361	294	0	361
788500	364	295	0	364
789000	361	288	0	361
789500	365	294	0	365
790000	365	291	0	365
790500	370	298	0	370
791000	369	299	0	369
791500	367	304	0	367
792000	372	312	0	372
792500	359	302	0	359
793000	366	313	0	366
793500	365	314	0	365
794000	369	317	0	369
794500	379	326	1	378
795000	377	324	1	376
795500	378	323	1	377
796000	384	328	1	383
796500	384	329	1	383
797000	385	331	1	384
797500	381	325	1	380
798000	378	322	1	377
798500	377	319	1	376
799000	385	331	1	384
799500	397	340	1	396
800000	404	349	1	403
800500	400	345	1	399
801000	394	347	0	394
801500	384	336	0	384
802000	385	336	0	385
802500	381	329	0	381
803000	381	329	0	381
803500	384	334	0	384
804000	386	334	0	386
804500	383	331	0	383
805000	385	331	0	385
805500	385	332	0	385
806000	390	337	0	390
806500	388	339	0	388
807000	389	340	0	389
807500	385	339	0	385
808000	392	344	0	392
808500	396	348	0	396
809000	399	350	0	399
809500	393	344	0	393
810000	395	342	0	395
810500	392	343	0	392
811000	391	342	0	391
811500	389	339	0	389
812000	395	342	0	395
812500	398	345	0	398
813000	389	335	0	389
813500	395	339	1	394
814000	396	340	1	395
814500	403	346	1	402
815000	404	347	1	403
815500	398	341	1	397
816000	394	335	1	393
816500	393	334	1	392
817000	391	334	1	390
817500	403	345	1	402
818000	408	349	1	407
818500	407	348	1	406
819000	412	353	1	411
819500	400	340	1	399
820000	395	331	1	394
820500	404	341	2	402
821000	404	341	2	402
821500	403	334	2	401
822000	405	338	1	404
822500	411	345	1	410
823000	403	335	1	402
823500	399	331	1	398
824000	401	332	1	400
824500	398	327	2	396
825000	401	329	2	399
825500	401	329	3	398
826000	401	327	3	398
826500	403	328	4	399
827000	401	327	4	397
827500	401	326	4	397
828000	410	334	5	405
828500	406	330	5	401
829000	407	327	6	401
829500	412	333	6	406
830000	406	323	8	398
830500	393	313	7	386
831000	383	302	7	376
831500	385	309	7	378
832000	392	313	7	385
832500	397	316	7	390
833000	395	315	6	389
833500	405	322	6	399
834000	401	323	5	396
834500	408	331	4	404
835000	408	327	3	405
835500	408	323	2	406
836000	400	314	2	398
836500	413	326	2	411
837000	409	324	2	407
837500	404	324	2	402
838000	395	319	2	393
838500	385	314	2	383
839000	388	316	2	386
839500	382	317	2	380
840000	390	325	1	389
840500	398	329	1	397
841000	403	331	1	402
841500	416	341	2	414
842000	418	341	2	416
842500	416	338	2	414
843000	406	331	2	404
843500	400	326	2	398
844000	399	324	2	397
844500	394	323	2	392
845000	391	320	2	389
845500	395	321	2	393
846000	398	326	1	397
846500	410	334	1	409
847000	408	332	1	407
847500	407	333	1	406
848000	408	332	1	407
848500	410	331	1	409
849000	415	340	0	415
849500	414	340	0	414
850000	403	330	0	403
850500	395	322	0	395
851000	389	315	0	389
851500	395	322	0	395
852000	399	322	0	399
852500	402	323	0	402
853000	401	319	0	401
853500	404	323	0	404
854000	394	315	0	394
854500	401	316	0	401
855000	406	319	1	405
855500	417	328	1	416
856000	417	329	1	416
856500	411	322	2	409
857000	406	320	2	404
857500	399	313	2	397
858000	403	308	3	400
858500	409	310	4	405
859000	406	303	4	402
859500	403	296	5	398
860000	405	297	5	400
860500	401	290	5	396
861000	399	290	4	395
861500	402	294	3	399
862000	394	290	3	391
862500	389	287	3	386
863000	393	293	2	391
863500	402	301	2	400
864000	405	305	1	404
864500	406	307	1	405
865000	409	309	1	408
865500	408	310	1	407
866000	402	301	1	401
866500	396	293	1	395
867000	392	287	1	391
867500	395	291	2	393
868000	404	303	1	403
868500	412	307	1	411
869000	402	298	0	402
869500	403	300	0	403
870000	406	295	0	406
870500	407	297	1	406
871000	402	288	1	401
871500	394	280	1	393
872000	396	282	1	395
872500	394	274	2	392
873000	397	278	2	395
873500	399	280	2	397
874000	404	275	3	401
874500	410	277	3	407
875000	413	280	3	410
875500	407	272	3	404
876000	401	266	3	398
876500	404	270	3	401
877000	406	274	2	404
877500	405	274	3	402
878000	404	269	2	402
878500	397	263	2	395
879000	403	265	2	401
879500	400	261	2	398
880000	396	257	2	394
880500	397	260	2	395
881000	404	267	1	403
881500	398	267	1	397
882000	399	269	2	397
882500	402	276	2	400
883000	405	279	1	404
883500	394	272	1	393
884000	406	284	1	405
884500	396	277	1	395
885000	403	278	1	402
885500	400	284	1	399
886000	402	286	1	401
886500	407	290	0	407
887000	412	293	1	411
887500	409	287	1	408
888000	408	289	1	407
888500	414	296	1	413
889000	407	293	1	406
889500	402	287	1	401
890000	406	290	1	405
890500	409	295	1	408
891000	402	293	0	402
891500	405	298	0	405
892000	407	297	0	407
892500	409	300	0	409
893000	403	288	0	403
893500	401	282	0	401
894000	400	281	0	400
894500	405	283	1	404
895000	402	273	2	400
895500	402	271	2	400
896000	399	268	3	396
896500	399	268	2	397
897000	404	269	3	401
897500	404	264	3	401
898000	399	267	2	397
898500	406	270	4	402
899000	414	278	4	410
899500	414	277	3	411
900000	406	272	2	404
900500	410	274	2	408
901000	417	279	2	415
901500	409	277	2	407
902000	401	272	2	399
902500	399	266	2	397
903000	402	267	2	400
903500	395	260	1	394
904000	396	261	1	395
904500	398	261	2	396
905000	392	260	2	390
905500	400	263	3	397
906000	400	268	4	396
906500	404	270	5	399
907000	407	272	5	402
907500	414	273	6	408
908000	411	272	7	404
908500	407	278	6	401
909000	410	277	5	405
909500	406	272	5	401
910000	403	272	4	399
910500	397	275	4	393
911000	402	275	3	399
911500	398	274	2	396
912000	403	273	3	400
912500	401	272	3	398
913000	401	272	3	398
913500	405	271	4	401
914000	404	266	4	400
914500	406	271	4	402
915000	415	274	4	411
915500	395	258	4	391
916000	398	259	4	394
916500	397	260	4	393
917000	401	267	4	397
917500	403	269	5	398
918000	406	271	5	401
918500	401	268	5	396
919000	401	265	5	396
919500	410	273	4	406
920000	415	274	3	412
920500	418	274	3	415
921000	411	269	3	408
921500	411	272	3	408
922000	409	274	3	406
922500	404	274	3	401
923000	405	268	4	401
923500	406	268	4	402
924000	403	268	4	399
924500	405	267	3	402
925000	403	263	3	400
925500	406	264	3	403
926000	407	264	3	404
926500	410	270	2	408
927000	405	263	2	403
927500	402	260	2	400
928000	408	266	2	406
928500	397	256	2	395
929000	394	251	0	394
929500	404	254	0	404
930000	409	255	0	409
930500	416	259	0	416
931000	414	256	0	414
931500	415	255	0	415
932000	416	262	0	416
932500	403	257	0	403
933000	397	253	0	397
933500	407	263	0	407
934000	398	258	0	398
934500	406	265	0	406
935000	406	266	0	406
935500	399	259	0	399
936000	402	256	0	402
936500	404	264	0	404
937000	407	271	0	407
937500	396	259	1	395
938000	401	260	1	400
938500	404	259	1	403
939000	411	268	1	410
939500	412	270	1	411
940000	411	275	0	411
940500	396	264	0	396
941000	409	270	1	408
941500	414	278	2	412
942000	415	274	2	413
942500	410	266	2	408
943000	399	256	2	397
943500	398	248	2	396
944000	398	245	2	396
944500	394	242	2	392
945000	397	242	1	396
945500	397	241	1	396
946000	408	245	1	407
946500	409	249	2	407
947000	407	250	2	405
947500	401	250	2	399
948000	407	253	2	405
948500	410	256	1	409
949000	410	255	0	410
949500	410	260	0	410
950000	407	262	0	407
950500	415	267	0	415
951000	423	273	0	423
951500	411	268	0	411
952000	397	260	0	397
952500	403	267	0	403
953000	399	265	0	399
953500	398	264	0	398
954000	405	266	0	405
954500	403	265	0	403
955000	401	262	0	401
955500	405	262	0	405
956000	406	264	1	405
956500	396	260	1	395
957000	404	266	1	403
957500	402	261	2	400
958000	398	258	2	396
958500	408	262	3	405
959000	415	262	3	412
959500	406	258	3	403
960000	412	264	3	409
960500	412	268	2	410
961000	409	266	2	407
961500	408	267	2	406
962000	403	262	2	401
962500	392	259	2	390
963000	394	265	2	392
963500	392	268	1	391
964000	402	272	1	401
964500	409	284	1	408
965000	414	288	1	413
965500	410	285	1	409
966000	407	283	1	406
966500	413	284	1	412
967000	420	287	1	419
967500	410	280	1	409
968000	393	269	1	392
968500	396	271	1	395
969000	402	278	0	402
969500	415	285	0	415
970000	415	285	1	414
970500	413	285	1	412
971000	404	277	1	403
971500	407	275	2	405
972000	401	268	2	399
972500	406	271	2	404
973000	400	269	2	398
973500	408	273	2	406
974000	400	267	2	398
974500	408	267	2	406
975000	406	268	2	404
975500	401	261	3	398
976000	412	266	2	410
976500	409	265	2	407
977000	405	258	2	403
977500	409	263	3	406
978000	405	262	3	402
978500	400	260	4	396
979000	403	261	3	400
979500	391	256	3	388
980000	401	262	3	398
980500	396	261	3	393
981000	404	261	4	400
981500	405	257	4	401
982000	397	260	3	394
982500	404	262	3	401
983000	406	269	3	403
983500	412	274	3	409
984000	413	274	3	410
984500	407	271	3	404
985000	401	266	3	398
985500	404	265	4	400
986000	404	267	3	401
986500	407	269	2	405
987000	401	263	2	399
987500	404	266	2	402
988000	409	274	2	407
988500	410	275	2	408
989000	411	276	2	409
989500	406	274	2	404
990000	401	270	0	401
990500	413	276	0	413
991000	410	274	0	410
991500	416	277	1	415
992000	411	271	1	410
992500	410	271	1	409
993000	406	271	1	405
993500	399	262	1	398
994000	392	262	1	391
994500	407	268	1	406
995000	400	265	1	399
995500	413	279	1	412
996000	413	274	1	412
996500	406	266	1	405
997000	400	263	2	398
997500	409	262	2	407
998000	408	261	1	407
998500	406	258	1	405
999000	408	262	1	407
999500	397	252	1	396
1000000	409	260	1	408
1000500	405	258	1	404
1001000	407	266	1	406
1001500	403	257	1	402
1002000	400	255	1	399
1002500	402	258	0	402
1003000	401	257	0	401
1003500	402	256	0	402
1004000	406	258	0	406
1004500	395	250	0	395
1005000	396	252	0	396
1005500	410	256	0	410
1006000	408	254	1	407
1006500	408	259	1	407
1007000	403	259	1	402
1007500	410	263	1	409
1008000	407	257	1	406
1008500	402	257	1	401
1009000	404	258	1	403
1009500	404	261	2	402
1010000	407	269	2	405
1010500	403	263	2	401
1011000	398	260	2	396
1011500	402	267	1	401
1012000	410	272	1	409
1012500	406	272	1	405
1013000	409	273	2	407
1013500	401	271	2	399
1014000	399	271	1	398
1014500	402	269	1	401
1015000	409	275	1	408
1015500	403	271	1	402
1016000	409	283	1	408
1016500	406	282	1	405
1017000	404	279	2	402
1017500	410	283	2	408
1018000	416	291	2	414
1018500	408	289	2	406
1019000	409	290	3	406
1019500	416	294	3	413
1020000	419	300	3	416
1020500	413	300	3	410
1021000	403	294	2	401
1021500	389	287	2	387
1022000	390	291	2	388
1022500	396	296	2	394
1023000	397	299	1	396
1023500	398	312	0	398
1024000	405	318	0	405
1024500	393	312	0	393
1025000	403	326	0	403
1025500	405	333	0	405
1026000	409	337	0	409
1026500	398	331	0	398
1027000	404	338	0	404
1027500	414	348	0	414
1028000	412	345	0	412
1028500	407	343	0	407
1029000	402	340	0	402
1029500	407	346	0	407
1030000	409	349	0	409
1030500	414	354	0	414
1031000	410	354	0	410
1031500	416	357	0	416
1032000	405	350	0	405
1032500	397	345	0	397
1033000	401	354	0	401
1033500	402	356	0	402
1034000	396	355	0	396
1034500	400	358	0	400
1035000	396	359	0	396
1035500	397	363	0	397
1036000	398	363	0	398
1036500	408	375	0	408
1037000	408	374	0	408
1037500	406	373	0	406
1038000	410	378	0	410
1038500	409	376	0	409
1039000	413	381	0	413
1039500	414	383	0	414
1040000	410	381	0	410
1040500	409	379	0	409
1041000	399	371	0	399
1041500	403	378	0	403
1042000	407	384	0	407
1042500	405	383	0	405
1043000	404	384	0	404
1043500	413	391	0	413
1044000	412	390	0	412
1044500	410	388	0	410
1045000	400	380	0	400
1045500	392	370	0	392
1046000	396	373	0	396
1046500	399	374	0	399
1047000	413	386	0	413
1047500	412	386	0	412
1048000	404	379	0	404
1048500	403	382	0	403
1049000	410	386	0	410
1049500	404	383	0	404
1050000	405	385	0	405
1050500	410	387	0	410
1051000	401	377	0	401
1051500	401	377	0	401
1052000	414	389	0	414
1052500	405	381	0	405
1053000	413	390	0	413
1053500	405	381	0	405
1054000	400	375	0	400
1054500	408	384	0	408
1055000	412	386	0	412
1055500	407	382	0	407
1056000	413	389	0	413
1056500	414	392	0	414
1057000	409	391	0	409
1057500	403	384	0	403
1058000	404	383	0	404
1058500	410	390	0	410
1059000	408	392	0	408
1059500	402	390	0	402
1060000	399	392	0	399
1060500	404	397	0	404
1061000	405	398	0	405
1061500	413	406	0	413
1062000	412	403	0	412
1062500	405	399	0	405
1063000	409	405	0	409
1063500	405	401	0	405
1064000	397	391	0	397
1064500	399	393	0	399
1065000	404	397	0	404
1065500	410	403	0	410
1066000	398	391	0	398
1066500	398	391	0	398
1067000	406	400	0	406
1067500	402	400	0	402
1068000	400	397	0	400
1068500	402	399	0	402
1069000	408	404	0	408
1069500	412	407	0	412
1070000	415	409	0	415
1070500	401	394	0	401
1071000	401	394	0	401
1071500	406	400	0	406
1072000	410	404	0	410
1072500	402	395	0	402
1073000	403	395	0	403
1073500	410	402	0	410
1074000	415	408	0	415
1074500	412	409	0	412
1075000	416	413	0	416
1075500	420	414	0	420
1076000	411	404	0	411
1076500	401	393	0	401
1077000	403	394	0	403
1077500	401	392	0	401
1078000	394	387	0	394
1078500	391	387	0	391
1079000	392	387	0	392
1079500	397	391	0	397
1080000	406	400	0	406
1080500	404	399	0	404
1081000	403	396	0	403
1081500	410	403	0	410
1082000	408	400	0	408
1082500	409	402	0	409
1083000	408	402	0	408
1083500	416	410	0	416
1084000	420	412	0	420
1084500	414	406	0	414
1085000	406	399	0	406
1085500	418	411	0	418
1086000	413	408	0	413
1086500	416	410	0	416
1087000	410	405	0	410
1087500	404	399	0	404
1088000	408	403	0	408
1088500	401	394	0	401
1089000	395	388	0	395
1089500	400	392	0	400
1090000	400	390	0	400
1090500	403	393	0	403
1091000	406	396	0	406
1091500	406	395	0	406
1092000	407	396	0	407
1092500	400	391	0	400
1093000	396	387	0	396
1093500	403	393	0	403
1094000	407	396	0	407
1094500	402	393	0	402
1095000	404	396	0	404
1095500	407	400	0	407
1096000	399	392	0	399
1096500	407	402	0	407
1097000	404	399	0	404
1097500	409	403	0	409
1098000	411	403	0	411
1098500	414	405	0	414
1099000	412	402	0	412
1099500	422	414	0	422
1100000	412	403	0	412
1100500	413	405	0	413
1101000	412	404	0	412
1101500	409	402	0	409
1102000	400	394	0	400
1102500	403	397	0	403
1103000	408	399	0	408
1103500	404	393	0	404
1104000	400	392	0	400
1104500	399	391	0	399
1105000	396	387	0	396
1105500	405	396	0	405
1106000	403	395	0	403
1106500	415	406	0	415
1107000	418	409	0	418
1107500	411	404	0	411
1108000	413	403	0	413
1108500	411	398	0	411
1109000	415	401	0	415
1109500	412	400	0	412
1110000	409	401	0	409
1110500	398	390	0	398
1111000	401	392	0	401
1111500	402	394	0	402
1112000	405	398	0	405
1112500	411	403	0	411
1113000	403	398	0	403
1113500	408	401	0	408
1114000	410	404	0	410
1114500	412	405	0	412
1115000	409	400	0	409
1115500	411	402	0	411
1116000	404	395	0	404
1116500	410	401	0	410
1117000	400	390	0	400
1117500	400	389	0	400
1118000	411	400	0	411
1118500	420	407	0	420
1119000	416	403	0	416
1119500	410	399	0	410
1120000	399	389	0	399
1120500	393	389	0	393
1121000	401	397	0	401
1121500	394	391	0	394
1122000	397	395	0	397
1122500	395	393	0	395
1123000	406	404	0	406
1123500	403	401	0	403
1124000	398	396	0	398
1124500	410	406	0	410
1125000	413	408	0	413
1125500	423	419	0	423
1126000	415	411	0	415
1126500	406	403	0	406
1127000	406	402	0	406
1127500	397	394	0	397
1128000	400	397	0	400
1128500	411	407	0	411
1129000	404	400	0	404
1129500	407	401	0	407
1130000	411	405	0	411
1130500	408	402	0	408
1131000	404	397	0	404
1131500	405	397	0	405
1132000	406	400	0	406
1132500	403	398	0	403
1133000	401	396	0	401
1133500	403	399	0	403
1134000	406	400	0	406
1134500	405	398	0	405
1135000	408	400	0	408
1135500	408	398	0	408
1136000	411	398	0	411
1136500	410	398	0	410
1137000	409	400	0	409
1137500	401	391	0	401
1138000	398	391	0	398
1138500	393	388	0	393
1139000	401	397	0	401
1139500	402	398	0	402
1140000	411	406	0	411
1140500	411	407	0	411
1141000	417	414	0	417
1141500	416	411	0	416
1142000	417	411	0	417
1142500	407	402	0	407
1143000	410	403	0	410
1143500	412	405	0	412
1144000	409	404	0	409
1144500	409	403	0	409
1145000	405	399	0	405
1145500	395	390	0	395
1146000	401	394	0	401
1146500	399	392	0	399
1147000	397	392	0	397
1147500	405	399	0	405
1148000	408	399	0	408
1148500	413	403	0	413
1149000	402	393	0	402
1149500	402	395	0	402
1150000	402	394	0	402
1150500	410	401	0	410
1151000	410	402	0	410
1151500	413	404	0	413
1152000	417	409	0	417
1152500	414	408	0	414
1153000	410	404	0	410
1153500	408	403	0	408
1154000	416	408	0	416
1154500	414	405	0	414
1155000	407	397	0	407
1155500	409	400	0	409
1156000	409	400	0	409
1156500	399	394	0	399
1157000	412	406	0	412
1157500	408	401	0	408
1158000	406	396	0	406
1158500	406	397	0	406
1159000	406	399	0	406
1159500	411	402	0	411
1160000	412	403	0	412
1160500	410	401	0	410
1161000	406	396	0	406
1161500	406	395	0	406
1162000	406	394	0	406
1162500	408	394	0	408
1163000	401	388	0	401
1163500	404	390	0	404
1164000	402	392	0	402
1164500	409	397	0	409
1165000	405	393	0	405
1165500	404	394	0	404
1166000	400	394	0	400
1166500	410	402	0	410
1167000	405	397	0	405
1167500	408	400	0	408
1168000	409	401	0	409
1168500	403	394	0	403
1169000	402	393	0	402
1169500	398	388	0	398
1170000	403	392	0	403
1170500	401	391	0	401
1171000	405	395	0	405
1171500	418	407	0	418
1172000	425	413	0	425
1172500	419	405	0	419
1173000	408	395	0	408
1173500	405	392	0	405
1174000	394	384	0	394
1174500	398	389	0	398
1175000	393	383	0	393
1175500	394	382	0	394
1176000	400	386	0	400
1176500	400	386	0	400
1177000	405	392	0	405
1177500	403	391	0	403
1178000	409	397	0	409
1178500	426	415	0	426
1179000	423	412	0	423
1179500	422	412	0	422
1180000	419	410	0	419
1180500	405	395	0	405
1181000	395	386	0	395
1181500	397	391	0	397
1182000	397	393	0	397
1182500	400	396	0	400
1183000	399	394	0	399
1183500	405	400	0	405
1184000	406	402	0	406
1184500	404	398	0	404
1185000	401	394	0	401
1185500	404	396	0	404
1186000	408	399	0	408
1186500	411	400	0	411
1187000	415	405	0	415
1187500	419	408	0	419
1188000	416	408	0	416
1188500	411	404	0	411
1189000	405	399	0	405
1189500	411	406	0	411
1190000	402	398	0	402
1190500	402	399	0	402
1191000	398	395	0	398
1191500	398	394	0	398
1192000	404	399	0	404
1192500	409	405	0	409
1193000	410	406	0	410
1193500	407	403	0	407
1194000	412	404	0	412
1194500	413	406	0	413
1195000	409	403	0	409
1195500	403	396	0	403
1196000	401	394	0	401
1196500	407	400	0	407
1197000	404	397	0	404
1197500	394	385	0	394
1198000	398	390	0	398
1198500	412	403	0	412
1199000	410	401	0	410
1199500	411	403	0	411
1200000	412	406	0	412
1200500	407	400	0	407
1201000	403	395	0	403
1201500	405	398	0	405
1202000	403	396	0	403
1202500	393	385	0	393
1203000	397	389	0	397
1203500	397	389	0	397
1204000	403	393	0	403
1204500	404	394	0	404
1205000	408	397	0	408
1205500	413	401	0	413
1206000	416	402	0	416
1206500	409	396	0	409
1207000	413	401	0	413
1207500	408	395	0	408
1208000	403	392	0	403
1208500	403	390	0	403
1209000	401	390	0	401
1209500	407	397	0	407
1210000	410	398	0	410
1210500	407	397	0	407
1211000	401	392	0	401
1211500	400	393	0	400
1212000	405	395	0	405
1212500	410	401	0	410
1213000	400	391	0	400
1213500	400	391	0	400
1214000	402	393	0	402
1214500	412	404	0	412
1215000	408	399	0	408
1215500	413	404	0	413
1216000	413	406	0	413
1216500	407	402	0	407
1217000	417	411	0	417
1217500	406	400	0	406
1218000	403	396	0	403
1218500	403	395	0	403
1219000	403	396	0	403
1219500	400	390	0	400
1220000	404	394	0	404
1220500	410	398	0	410
1221000	409	398	0	409
1221500	412	402	0	412
1222000	404	394	0	404
1222500	402	392	0	402
1223000	404	394	0	404
1223500	409	399	0	409
1224000	406	395	0	406
1224500	413	402	0	413
1225000	410	401	0	410
1225500	411	402	0	411
1226000	410	401	0	410
1226500	409	401	0	409
1227000	403	395	0	403
1227500	401	395	0	401
1228000	408	401	0	408
1228500	411	403	0	411
1229000	408	402	0	408
1229500	409	405	0	409
1230000	414	410	0	414
1230500	407	403	0	407
1231000	402	397	0	402
1231500	409	406	0	409
1232000	414	410	0	414
1232500	418	413	0	418
1233000	403	398	0	403
1233500	410	402	0	410
1234000	406	397	0	406
1234500	402	395	0	402
1235000	395	387	0	395
1235500	398	390	0	398
1236000	404	394	0	404
1236500	400	391	0	400
1237000	411	398	0	411
1237500	410	397	0	410
1238000	410	398	0	410
1238500	404	395	0	404
1239000	409	400	0	409
1239500	406	399	0	406
1240000	404	398	0	404
1240500	406	401	0	406
1241000	405	400	0	405
1241500	403	399	0	403
1242000	406	400	0	406
1242500	407	399	0	407
1243000	407	401	0	407
1243500	405	396	0	405
1244000	403	394	0	403
1244500	403	396	0	403
1245000	407	398	0	407
1245500	410	401	0	410
1246000	408	399	0	408
1246500	403	394	0	403
1247000	399	391	0	399
1247500	397	389	0	397
1248000	394	386	0	394
1248500	401	393	0	401
1249000	406	396	0	406
1249500	406	396	0	406
1250000	409	403	0	409
1250500	410	403	0	410
1251000	412	407	0	412
1251500	414	410	0	414
1252000	415	410	0	415
1252500	410	407	0	410
1253000	404	399	0	404
1253500	403	398	0	403
1254000	403	399	0	403
1254500	403	400	0	403
1255000	403	400	0	403
1255500	402	398	0	402
1256000	406	401	0	406
1256500	408	401	0	408
1257000	413	404	0	413
1257500	416	407	0	416
1258000	412	403	0	412
1258500	422	412	0	422
1259000	408	399	0	408
1259500	406	398	0	406
1260000	402	395	0	402
1260500	398	389	0	398
1261000	395	386	0	395
1261500	401	392	0	401
1262000	404	394	0	404
1262500	404	393	0	404
1263000	405	394	0	405
1263500	407	398	0	407
1264000	410	403	0	410
1264500	406	401	0	406
1265000	406	400	0	406
1265500	408	401	0	408
1266000	400	394	0	400
1266500	405	401	0	405
1267000	405	402	0	405
1267500	413	411	0	413
1268000	411	407	0	411
1268500	411	407	0	411
1269000	407	402	0	407
1269500	413	407	0	413
1270000	417	413	0	417
1270500	421	417	0	421
1271000	409	403	0	409
1271500	413	406	0	413
1272000	408	400	0	408
1272500	410	402	0	410
1273000	415	407	0	415
1273500	396	388	0	396
1274000	396	390	0	396
1274500	395	390	0	395
1275000	400	393	0	400
1275500	400	394	0	400
1276000	404	398	0	404
1276500	405	399	0	405
1277000	412	405	0	412
1277500	410	401	0	410
1278000	411	403	0	411
1278500	411	400	0	411
1279000	410	398	0	410
1279500	402	390	0	402
1280000	405	392	0	405
1280500	402	393	0	402
1281000	406	397	0	406
1281500	404	396	0	404
1282000	407	401	0	407
1282500	399	395	0	399
1283000	400	396	0	400
1283500	402	396	0	402
1284000	411	404	0	411
1284500	407	399	0	407
1285000	401	395	0	401
1285500	391	386	0	391
1286000	405	398	0	405
1286500	408	402	0	408
1287000	402	394	0	402
1287500	411	403	0	411
1288000	412	404	0	412
1288500	413	406	0	413
1289000	409	404	0	409
1289500	413	407	0	413
1290000	399	394	0	399
1290500	400	393	0	400
1291000	411	402	0	411
1291500	412	400	0	412
1292000	411	400	0	411
1292500	409	396	0	409
1293000	403	388	0	403
1293500	410	395	0	410
1294000	405	389	0	405
1294500	409	393	0	409
1295000	405	391	0	405
1295500	405	393	0	405
1296000	407	396	0	407
1296500	408	398	0	408
1297000	403	397	0	403
1297500	401	398	0	401
1298000	411	408	0	411
1298500	405	401	0	405
1299000	405	400	0	405
1299500	404	400	0	404
1300000	401	395	0	401
1300500	403	395	0	403
1301000	409	401	0	409
1301500	403	394	0	403
1302000	412	402	0	412
1302500	415	404	0	415
1303000	417	407	0	417
1303500	407	398	0	407
1304000	400	393	0	400
1304500	403	396	0	403
1305000	404	396	0	404
1305500	404	396	0	404
1306000	404	397	0	404
1306500	409	401	0	409
1307000	409	402	0	409
1307500	407	400	0	407
1308000	401	394	0	401
1308500	404	395	0	404
1309000	404	394	0	404
1309500	407	397	0	407
1310000	406	398	0	406
1310500	423	414	0	423
1311000	420	414	0	420
1311500	414	411	0	414
1312000	415	411	0	415
1312500	400	396	0	400
1313000	400	397	0	400
1313500	401	399	0	401
1314000	402	400	0	402
1314500	400	397	0	400
1315000	410	405	0	410
1315500	408	402	0	408
1316000	400	395	0	400
1316500	405	399	0	405
1317000	416	409	0	416
1317500	407	401	0	407
1318000	413	405	0	413
1318500	409	398	0	409
1319000	409	396	0	409
1319500	410	400	0	410
1320000	408	398	0	408
1320500	406	398	0	406
1321000	412	406	0	412
1321500	405	400	0	405
1322000	410	404	0	410
1322500	401	396	0	401
1323000	399	393	0	399
1323500	401	394	0	401
1324000	400	393	0	400
1324500	398	390	0	398
1325000	404	397	0	404
1325500	405	399	0	405
1326000	403	396	0	403
1326500	400	392	0	400
1327000	396	389	0	396
1327500	405	398	0	405
1328000	411	401	0	411
1328500	396	386	0	396
1329000	406	392	0	406
1329500	412	396	0	412
1330000	418	402	0	418
1330500	409	395	0	409
1331000	404	389	0	404
1331500	409	394	0	409
1332000	404	390	0	404
1332500	413	401	0	413
1333000	406	396	0	406
1333500	408	396	0	408
1334000	408	396	0	408
1334500	404	390	0	404
1335000	404	390	0	404
1335500	402	385	0	402
1336000	399	381	0	399
1336500	396	380	0	396
1337000	406	389	0	406
1337500	406	394	0	406
1338000	409	398	0	409
1338500	423	413	0	423
1339000	415	406	0	415
1339500	403	396	0	403
1340000	410	401	0	410
1340500	410	401	0	410
1341000	398	389	0	398
1341500	399	391	0	399
1342000	412	403	0	412
1342500	409	401	0	409
1343000	409	401	0	409
1343500	418	409	0	418
1344000	415	405	0	415
1344500	419	409	0	419
1345000	419	409	0	419
1345500	412	406	0	412
1346000	404	399	0	404
1346500	406	399	0	406
1347000	414	406	0	414
1347500	411	401	0	411
1348000	400	389	0	400
1348500	401	390	0	401
1349000	403	391	0	403
1349500	396	385	0	396
1350000	396	383	0	396
1350500	403	390	0	403
1351000	405	392	0	405
1351500	405	392	0	405
1352000	406	394	0	406
1352500	404	392	0	404
1353000	399	389	0	399
1353500	401	393	0	401
1354000	414	407	0	414
1354500	419	412	0	419
1355000	413	405	0	413
1355500	420	415	0	420
1356000	417	413	0	417
1356500	414	409	0	414
1357000	405	401	0	405
1357500	407	404	0	407
1358000	400	399	0	400
1358500	398	395	0	398
1359000	409	404	0	409
1359500	413	409	0	413
1360000	404	397	0	404
1360500	396	390	0	396
1361000	404	398	0	404
1361500	406	398	0	406
1362000	405	397	0	405
1362500	408	402	0	408
1363000	405	400	0	405
1363500	411	406	0	411
1364000	406	399	0	406
1364500	405	397	0	405
1365000	400	390	0	400
1365500	401	392	0	401
1366000	400	390	0	400
1366500	408	396	0	408
1367000	403	392	0	403
1367500	406	395	0	406
1368000	407	397	0	407
1368500	411	401	0	411
1369000	405	400	0	405
1369500	402	398	0	402
1370000	405	401	0	405
1370500	409	402	0	409
1371000	412	403	0	412
1371500	415	406	0	415
1372000	412	403	0	412
1372500	415	406	0	415
1373000	415	404	0	415
1373500	408	401	0	408
1374000	404	396	0	404
1374500	405	397	0	405
1375000	407	398	0	407
1375500	407	399	0	407
1376000	399	391	0	399
1376500	398	390	0	398
1377000	403	394	0	403
1377500	405	396	0	405
1378000	407	400	0	407
1378500	422	415	0	422
1379000	416	410	0	416
1379500	403	397	0	403
1380000	406	401	0	406
1380500	407	403	0	407
1381000	399	399	0	399
1381500	407	406	0	407
1382000	413	409	0	413
1382500	408	404	0	408
1383000	408	403	0	408
1383500	403	398	0	403
1384000	399	395	0	399
1384500	404	400	0	404
1385000	397	393	0	397
1385500	395	390	0	395
1386000	405	401	0	405
1386500	413	407	0	413
1387000	420	415	0	420
1387500	417	411	0	417
1388000	420	414	0	420
1388500	408	402	0	408
1389000	405	397	0	405
1389500	403	394	0	403
1390000	406	398	0	406
1390500	412	399	0	412
1391000	411	399	0	411
1391500	403	392	0	403
1392000	401	392	0	401
1392500	406	397	0	406
1393000	413	403	0	413
1393500	409	402	0	409
1394000	409	401	0	409
1394500	402	393	0	402
1395000	404	396	0	404
1395500	402	392	0	402
1396000	410	401	0	410
1396500	407	397	0	407
1397000	412	402	0	412
1397500	403	392	0	403
1398000	401	392	0	401
1398500	406	396	0	406
1399000	410	399	0	410
1399500	405	394	0	405
1400000	403	395	0	403
1400500	405	398	0	405
1401000	403	396	0	403
1401500	400	393	0	400
1402000	400	392	0	400
1402500	407	399	0	407
1403000	410	401	0	410
1403500	408	395	0	408
1404000	403	390	0	403
1404500	415	402	0	415
1405000	410	398	0	410
1405500	419	406	0	419
1406000	404	391	0	404
1406500	399	392	0	399
1407000	401	393	0	401
1407500	406	398	0	406
1408000	408	400	0	408
1408500	413	406	0	413
1409000	409	402	0	409
1409500	404	398	0	404
1410000	415	408	0	415
1410500	422	415	0	422
1411000	415	408	0	415
1411500	406	398	0	406
1412000	412	404	0	412
1412500	409	400	0	409
1413000	414	405	0	414
1413500	404	396	0	404
1414000	405	398	0	405
1414500	401	395	0	401
1415000	410	406	0	410
1415500	395	393	0	395
1416000	401	400	0	401
1416500	403	402	0	403
1417000	404	402	0	404
1417500	410	407	0	410
1418000	404	398	0	404
1418500	409	402	0	409
1419000	414	404	0	414
1419500	420	410	0	420
1420000	423	413	0	423
1420500	420	409	0	420
1421000	411	403	0	411
1421500	404	396	0	404
1422000	405	396	0	405
1422500	403	395	0	403
1423000	400	391	0	400
1423500	406	397	0	406
1424000	407	400	0	407
1424500	404	396	0	404
1425000	409	401	0	409
1425500	402	395	0	402
1426000	409	401	0	409
1426500	402	395	0	402
1427000	396	389	0	396
1427500	400	391	0	400
1428000	395	385	0	395
1428500	400	390	0	400
1429000	397	386	0	397
1429500	397	386	0	397
1430000	400	388	0	400
1430500	397	388	0	397
1431000	400	392	0	400
1431500	403	396	0	403
1432000	408	400	0	408
1432500	412	404	0	412
1433000	419	410	0	419
1433500	412	403	0	412
1434000	406	398	0	406
1434500	411	401	0	411
1435000	414	404	0	414
1435500	415	405	0	415
1436000	411	401	0	411
1436500	413	405	0	413
1437000	402	394	0	402
1437500	408	398	0	408
1438000	397	386	0	397
1438500	407	394	0	407
1439000	414	400	0	414
1439500	410	400	0	410
1440000	405	396	0	405
1440500	406	396	0	406
1441000	402	391	0	402
1441500	420	409	0	420
1442000	406	396	0	406
1442500	397	388	0	397
1443000	400	389	0	400
1443500	401	392	0	401
1444000	402	394	0	402
1444500	407	398	0	407
1445000	413	402	0	413
1445500	406	396	0	406
1446000	414	404	0	414
1446500	402	391	0	402
1447000	402	391	0	402
1447500	409	397	0	409
1448000	408	397	0	408
1448500	402	392	0	402
1449000	402	392	0	402
1449500	395	387	0	395
1450000	394	386	0	394
1450500	400	390	0	400
1451000	407	400	0	407
1451500	409	403	0	409
1452000	405	401	0	405
1452500	408	403	0	408
1453000	407	402	0	407
1453500	399	394	0	399
1454000	416	410	0	416
1454500	409	402	0	409
1455000	404	398	0	404
1455500	402	395	0	402
1456000	402	393	0	402
1456500	408	400	0	408
1457000	411	407	0	411
1457500	419	415	0	419
1458000	412	408	0	412
1458500	406	400	0	406
1459000	414	406	0	414
1459500	404	396	0	404
1460000	406	399	0	406
1460500	405	397	0	405
1461000	406	398	0	406
1461500	409	399	0	409
1462000	412	404	0	412
1462500	405	398	0	405
1463000	407	400	0	407
1463500	404	397	0	404
1464000	414	407	0	414
1464500	414	408	0	414
1465000	407	401	0	407
1465500	400	393	0	400
1466000	401	393	0	401
1466500	397	391	0	397
1467000	393	388	0	393
1467500	406	403	0	406
1468000	409	405	0	409
1468500	407	402	0	407
1469000	404	396	0	404
1469500	420	412	0	420
1470000	410	403	0	410
1470500	405	397	0	405
1471000	409	402	0	409
1471500	412	405	0	412
1472000	419	412	0	419
1472500	416	408	0	416
1473000	422	412	0	422
1473500	402	393	0	402
1474000	404	396	0	404
1474500	410	402	0	410
1475000	407	401	0	407
